>NZ_CP045261.1
+1 +2 $
>NZ_CP009703.1
+3 +4 +5 +6 $
>NC_017263.1
-4 -3 -6 -5 $
>NC_017153.1
-4 -3 -6 -5 $
>NZ_CP045151.1
+6 +3 +4 +5 $
>NZ_CP033690.1
+7 +8 +9 +10 +11 +12 +13 +14 +15 +16 +17 +18 +19 +20 +21 +22 +23 +24 +25 +26 +27 +28 +29 +30 +31 +32 +33 +34 +35 +36 +37 +38 +39 +40 +41 +42 +43 +44 +45 +46 +47 +48 +49 +50 +51 +52 +53 +54 +55 +56 +57 +58 +59 +60 +61 +62 +63 +64 +65 +66 +67 +68 +69 +70 +71 +72 +73 +74 +75 +76 +77 +78 +79 +80 +81 +82 +83 +84 +85 +86 +87 +88 +89 +90 +91 +92 +93 +94 +95 +96 +97 +98 +99 +100 +101 +102 +103 +104 +105 +106 +107 +108 +109 +110 +111 +112 +113 +114 +115 +116 +117 +118 +119 +120 +121 +122 +123 +124 +125 +126 +127 +128 +129 +130 +95 +131 +132 +133 +134 +135 +136 +137 +138 +139 +140 +141 +142 +143 +144 +145 +146 +147 +148 +149 +150 +151 +152 +153 +154 +155 +156 +157 +158 +159 +160 +161 +162 +163 +164 +165 +166 +167 +168 +169 +170 +171 +172 +173 +174 +175 +176 +177 +178 +179 +180 +181 +182 +183 +184 +185 +186 +187 +188 +189 +190 +191 +192 +193 +194 +195 +196 +197 +198 +199 +200 +201 +202 +203 +204 +205 +206 +207 +208 +209 +210 +211 +212 +213 +214 +215 +216 +217 +218 +219 +220 +221 +222 +223 +224 +225 +226 +227 +228 +229 $
>NC_017154.1
+56 +57 -35 -34 +62 +63 +64 +65 +66 +59 +60 +61 -89 -88 -87 -86 -85 -84 -83 -82 -33 -32 -31 -30 -29 -28 -27 -26 -25 -24 -23 -22 -21 -20 -19 -18 +230 -92 -91 -90 +78 +79 +93 +94 +95 +96 +97 +98 +99 +100 +101 +102 +103 +104 +105 +106 +107 +108 +109 +110 +111 +112 +113 +114 +115 +116 +117 +118 +119 +120 +121 +122 +123 +124 +125 +126 +127 +128 +129 +130 +95 +131 +132 +133 +134 +135 +136 -175 -174 -173 -172 -171 -177 -176 +137 +138 +139 +140 +141 +142 +143 +144 +145 +146 +147 +148 +149 +150 +151 +152 +153 +154 +155 +156 +157 -159 -158 +160 +161 +162 +163 +164 +165 +166 +167 +168 +169 +170 +178 +179 +180 +181 +182 +183 +184 +185 +186 +187 +188 +217 -189 +202 +203 +204 +205 +206 +207 +208 +209 +210 +211 +212 +213 +214 +200 +201 -216 -215 -199 -198 -197 -196 -195 -194 -193 -192 -191 -190 +218 +219 +220 +221 +222 +223 +224 +225 +226 +227 +228 +229 +7 +8 +9 +10 +11 +12 +13 +14 +15 +16 +17 -43 -42 -41 -40 -39 -38 -37 -36 -81 -80 -58 -77 -76 -75 -74 -73 -72 -71 -70 -69 -68 -67 +44 +45 +46 +47 +48 +49 +50 +51 +52 +53 +54 +55 $
>NZ_CP045147.1
+6 +3 +4 +5 $
>NC_003143.1
+56 +57 -35 -34 +62 +63 +64 +65 +66 +59 +60 +61 -89 -88 -87 -86 -85 -84 -83 -82 -33 -32 -31 -30 -29 -28 -27 -26 -25 -24 -23 -22 -21 -20 -19 -18 +230 -92 -91 -90 -107 -106 -105 -104 -103 -102 -101 -100 -99 -98 -97 -96 -95 -94 -93 -79 -78 +108 +109 +110 +111 +112 +113 +114 +115 +116 +118 +119 +120 +121 +122 +123 +124 +125 +126 +127 +128 +129 +130 +95 +131 +132 +133 +134 +135 +136 -183 -182 -181 -180 -179 -178 -177 -176 +137 +138 +139 +140 +141 +142 +143 +144 +145 +146 +147 +148 +149 +150 +151 +152 +153 +154 +155 +156 +157 -159 -158 +160 +161 +162 +163 +164 +165 +166 +231 +167 +168 +169 +170 +171 +172 +173 +174 +175 +184 +185 +186 +187 +188 -201 -200 -214 -213 -212 -211 -210 -209 -208 -207 +196 +197 +198 +199 +215 +216 +217 -189 +202 +203 +204 +205 +206 -195 -194 -193 -192 -191 -190 +218 +219 +220 +221 +222 +223 +224 +225 +226 +227 +228 +229 +7 +8 +9 +10 +11 +12 +13 +14 +15 +16 +17 +80 +81 +36 +37 -43 -42 -41 -40 -39 -38 -58 -77 -76 -75 -74 -73 -72 -71 -70 -69 -68 -67 +44 +45 +46 +47 +48 +49 +50 +51 +52 +53 +54 +55 $
>NZ_CP009723.1
-80 -17 -16 -15 -14 -13 -12 -11 -10 -9 -8 -7 -229 -228 -227 -226 -225 -224 -223 -222 -221 -220 -219 -218 +190 +191 +192 +193 +194 +195 -206 -205 -204 -203 -202 +189 -217 -216 -215 -199 -198 -197 -196 +207 +208 +209 +210 +211 +212 +213 +214 +200 +201 -188 -187 -186 -185 -184 -175 -174 -173 -172 -171 -170 -169 -168 -167 -231 -231 -166 -165 -164 -163 -162 -161 -160 +158 +159 -157 -156 -155 -154 -153 -152 -151 -150 -149 -148 -147 -146 -145 -144 -143 -142 -141 -140 -139 -138 -137 +176 +177 +178 +179 +180 -183 -182 -181 -136 -135 -134 -133 -132 -131 -95 -130 -129 -128 -127 -126 -125 -124 -123 -122 -121 -120 -119 -118 -116 -115 -114 -113 -112 -111 -110 -109 -108 +78 +79 +93 +94 +95 +96 +97 +98 +99 +100 +101 +102 +103 +104 +105 +106 +107 +90 +91 +92 -230 +18 +19 +20 +21 +22 +23 +24 +25 +26 +27 +28 +29 +30 +31 +32 +33 +82 +83 +84 +85 +86 +87 +88 +89 -61 -60 -59 -66 -65 -64 -63 -62 +34 +35 -57 -56 -55 -54 -53 -52 -51 -50 -49 -48 -47 -46 -45 -44 +67 +68 +69 +70 +71 +72 +73 +74 +75 +76 +77 +58 -43 -42 -41 -40 -39 -38 -37 -36 -81 $
>NC_003131.1
-4 -3 -6 -5 $
>NZ_CP009702.1
+232 +233 +234 $
>NC_010157.1
-4 -3 -6 -5 $
>NZ_CP016273.1
-50 -52 -51 -50 -49 -48 -47 -46 -45 -44 +67 +68 +69 +70 -24 -23 -22 -21 -20 -19 -18 +230 -92 -91 -90 -107 -106 -105 -104 -103 -102 -101 -100 -99 -98 -97 -96 -95 -94 -93 -79 -78 +108 +109 +110 +111 +112 +113 +114 +115 +116 +118 +119 +120 +121 +122 +123 +124 +125 +126 +127 +128 +129 +130 +95 +131 +132 +133 +134 +135 +136 -183 -182 -181 -180 -179 -178 -177 -176 +137 +138 +139 +140 +141 +142 +143 +144 +150 +151 +152 +153 +154 +155 +156 +157 -159 -158 +160 +161 +162 +163 +164 +165 +166 +231 +231 +167 +168 +169 +170 +171 +172 +173 +174 +175 +184 +185 +186 +187 +188 -201 -200 -214 -213 -212 -211 -210 -209 -208 -207 +196 +197 +198 +199 +215 +216 +217 -189 +202 +203 +204 +205 +206 -195 -194 -193 -192 -191 -190 +218 +219 +220 +221 +222 +223 +224 +225 +226 +227 +228 +229 +7 +8 +9 +10 +11 +12 +13 +14 +15 +16 +17 +80 +81 +36 +37 +38 +39 +40 +41 +42 +43 -58 -77 -76 -75 -74 -73 -72 -71 +25 +26 +27 +28 +29 +30 +31 +32 +33 +82 +83 +84 +85 +86 +87 +88 +89 -61 -60 -59 -66 -65 -64 -63 -62 +34 +35 -57 -56 -55 -54 -53 -52 $
>NC_017157.1
-4 -3 -6 -5 $
>NZ_CP006791.1
+4 +5 +6 +3 $
>NZ_CP064125.1
-53 -52 -51 -50 +59 +60 +61 +58 -43 -42 -41 -40 -39 -38 -37 -36 -33 -32 -31 -30 -29 -28 -27 -26 -25 -24 -23 -22 -21 -20 -19 -18 +230 -92 -91 -90 -10 -9 -8 -7 -229 -228 -227 -226 -225 -224 -223 -222 -221 -220 -219 -218 -217 -216 -215 -214 -213 -212 -211 -210 -209 -208 -207 -206 -205 -204 -203 -202 +189 +190 +191 +192 +193 +194 +195 +196 +197 +198 +199 +200 +201 -188 -187 -186 -185 -184 -183 -182 -181 -180 -179 -178 +126 +127 +128 +129 +130 +95 +131 +132 +133 +134 +135 -175 -174 -173 -172 -171 -170 -169 -168 -167 -166 -165 -164 -163 -162 -161 -160 +158 +159 -157 -156 -155 -154 -153 -152 -151 -150 -149 -148 -147 -146 -145 -144 -143 -142 -141 -140 -139 -138 -137 -136 +176 +177 -125 -124 -123 -122 -121 -120 -119 -118 -117 -115 -114 -113 -111 -110 -109 -108 -107 -106 -105 -104 -103 -102 -101 -100 -99 -98 -97 -96 -95 -94 -93 -79 -78 +11 +12 +13 +14 +15 +16 +17 +80 +81 +82 +83 +84 +85 +86 +87 +88 +89 -77 -76 -75 -74 -73 -72 -71 -70 -69 -68 -67 +44 +45 +46 +47 +48 +49 -66 -65 -64 -63 -62 +34 +35 -57 -56 -55 -54 $
>NZ_CP010246.1
-3 -6 -5 -4 $
>NZ_CP045145.1
-53 -52 -51 -50 -49 -48 -47 -46 -45 -44 +59 +60 +61 +58 -43 -42 -41 -40 -39 -38 -37 -36 -89 -88 -87 -86 -85 -84 -83 -82 -81 -80 -17 -16 -15 -14 -13 -12 -11 -10 -9 -8 -7 -229 -228 -227 -226 -225 -224 -223 -222 -221 -220 -219 -218 -217 -216 -215 -214 -213 -212 -211 -210 -209 -208 -207 -206 -205 -204 -203 -202 +189 +190 +191 +192 +193 +194 +195 +196 +197 +198 +199 +200 +201 -188 -187 -186 -185 -184 -183 -182 -181 -180 -179 -178 -177 -176 -175 -174 -173 -172 -171 -170 -169 -168 -167 -166 -165 -164 -163 -162 -161 -160 +158 +159 -157 -156 -155 -154 -153 -152 -151 -150 -149 -148 -147 -146 -145 -144 -143 -142 -141 -140 -139 -138 -137 -136 -135 -134 -133 -132 -131 -95 -130 -129 -128 -127 -126 -125 -124 -123 -122 -121 -120 -119 -118 -117 -116 -115 -114 -113 -112 -111 -110 -109 -108 -107 -106 -105 -104 -103 -102 -101 -100 -99 -98 -97 -96 -95 -94 -93 -92 -91 -90 +78 -230 +18 +19 +20 +21 +22 +23 +24 +25 +26 +27 +28 +29 +30 +31 +32 +33 -77 -76 -75 -74 -73 -72 -71 -70 -69 -68 -67 -66 -65 -64 -63 -62 +34 +35 -57 -56 -55 -54 $
>NC_003134.1
-233 -232 +234 $
>NZ_CP009991.1
+157 -159 -158 +160 +161 -177 -176 -175 -174 -173 -172 -171 -170 -169 -168 -167 -166 -165 -164 -163 -162 +178 +179 +180 +181 +182 +183 +184 +185 +186 +187 +188 -201 -200 -199 -198 -197 -196 -195 -194 -193 -192 -191 -190 -189 +202 -117 -116 -115 -114 -113 -112 -111 -110 -109 -108 -107 -106 -105 -104 -103 -102 -101 -100 -99 -98 -97 -96 -95 -94 -93 -92 -91 -90 -89 -88 -87 -86 -85 -84 -83 -82 -81 -80 -79 -78 -77 -76 -75 -74 -73 -72 -71 -70 -69 -68 -67 -66 -65 -64 -63 -62 -61 -60 -59 -58 -57 -56 -55 -54 -53 -52 -51 -50 -49 -48 -47 -46 -45 -44 -43 -41 -40 -39 -38 -37 -36 -35 -34 -33 -32 -31 -30 -29 -28 +23 +24 +25 +26 +27 -22 -21 -20 -19 -18 -17 -16 -15 -14 -13 -12 -11 -10 -9 -8 -7 -229 -228 -227 -226 -225 -224 -223 -222 -221 -220 -219 -218 -217 -216 -215 -214 -213 -212 -211 -210 -209 -208 -207 -206 -205 -204 -203 +118 +119 +120 +121 +122 +123 +124 +125 +126 +127 +128 +129 +130 +95 +131 +132 +133 +134 +135 +136 +137 +138 +139 +140 +141 +142 +143 +144 +150 +151 +152 +153 +154 +155 +156 $
>NC_014022.1
-233 -232 -234 $
>NZ_CP045258.1
-53 -52 -51 -50 -49 -48 -47 -46 -45 -44 +67 +68 +69 +70 +71 +72 +73 +74 +75 +76 +77 -89 -88 -87 -86 -85 -84 -83 -82 -81 -80 -17 -16 -15 -14 -13 -12 -11 +78 +79 +93 +94 +95 +96 +97 +98 +99 +100 +101 +102 +103 +104 +105 +106 +107 +108 +109 +110 +111 +113 +114 +115 +117 +118 +119 +120 +121 +122 +123 +124 +125 -177 -176 +136 +137 +138 +139 +140 +141 +142 +143 +144 +145 +146 +147 +148 +149 +150 +151 +152 +153 +154 +155 +156 +157 -159 -158 +160 +161 +162 +163 +164 +165 +166 +167 +168 +169 +170 +171 +172 +173 +174 +175 -135 -134 -133 -132 -131 -95 -130 -129 -128 -127 -126 +178 +179 +180 +181 +182 +183 +184 +185 +186 +187 +188 -201 -200 -199 -198 -197 -196 -195 -194 -193 -192 -191 -190 -189 +202 +203 +204 +205 +206 +207 +208 +209 +210 +211 +212 +213 +214 +215 +216 +217 +218 +219 +220 +221 +222 +223 +224 +225 +226 +227 +228 +229 +7 +8 +9 +10 +90 +91 +92 -230 +18 +19 +20 +21 +22 +23 +24 +25 +26 +27 +28 +29 +30 +31 +32 +33 +36 +37 +38 +39 +40 +41 +42 +43 -58 -61 -60 -59 -66 -65 -64 -63 -62 +34 +35 -57 -56 -55 -54 $
>NZ_CP064120.1
-53 -52 -51 -50 -49 -48 -47 -61 -60 -59 +44 +45 +46 +58 -30 -29 -28 -27 -26 -25 -24 -23 -22 -21 -20 -19 -18 -92 -91 -90 +78 +79 +93 +94 +95 +96 +97 +98 +99 +100 +101 +102 +103 +104 +105 +106 +107 +108 +109 +110 +111 +112 +113 +114 +115 +118 +119 +120 +121 +122 +123 +124 +125 +126 +127 +128 +129 +130 +95 +131 +132 +133 +134 +135 +136 -204 -203 -202 +189 +190 +191 +192 +193 +194 +195 +196 +197 +198 +199 +200 +201 -188 -187 -186 -185 -184 -183 -182 -181 -180 -179 -178 -177 -176 +151 +152 +153 +154 +155 +156 +157 -159 -158 +160 +161 -167 -166 -165 -164 -163 -162 +168 +169 +170 +171 +172 +173 +174 +175 -150 -144 -143 -142 -141 -140 -139 -138 -137 +205 +206 +207 +208 +209 +210 +211 +212 +213 +214 +215 +216 +217 +218 +219 +220 +221 +222 +223 +224 +225 +226 +227 +228 +229 +7 +8 +9 +10 +11 +12 +13 +14 +15 +16 +17 +80 +81 +82 +83 +84 +85 +86 +87 +88 +89 -77 -76 -75 -74 -73 -72 -71 -70 -69 -68 -67 -66 -65 -43 -42 -41 -40 -39 -38 -37 -36 +62 +63 +64 +31 +32 +33 +34 +35 -57 -56 -55 -54 $
>NZ_CP064127.1
-53 +59 +60 +61 -89 -88 -87 -86 -85 -84 -83 -82 -81 -80 +67 +68 -9 -8 -7 -229 -228 -227 -226 -225 -224 -223 -222 -221 -220 -219 -218 -217 -216 -212 -211 -210 -209 +112 +113 +114 +115 +116 +118 +119 +120 +121 +122 +123 +124 +125 +126 +127 +128 -206 -205 -204 -203 -202 +189 +190 +191 +192 +193 +194 +195 +196 +197 +198 +199 +200 +201 -188 -187 -186 -185 -184 -183 -182 -181 -180 -179 -178 -177 -176 -175 -174 -173 -172 +171 -170 -169 -168 -167 -166 -165 -164 -163 -162 +161 -160 +158 +159 -157 -156 -155 -154 -153 -152 -151 -150 -149 -148 -147 -146 -145 +129 +130 +95 +131 +132 +133 +134 +135 +136 +137 +138 +139 +140 +141 +142 +143 +144 +207 +208 -111 -110 -109 +105 +106 +107 +108 -104 -103 -102 -101 -100 -99 -98 -97 -96 -95 -94 -93 -230 +18 +19 +20 +21 +22 +23 +36 +37 +38 +39 +40 +41 +42 +43 -58 +10 +11 +12 +13 +14 +15 +16 +24 +25 +26 +27 +28 +29 +30 +31 +32 +33 -46 -45 -44 -52 -51 -50 -17 -75 -74 -73 -72 -71 -70 -69 -77 -76 +47 +48 +49 -66 -65 -64 -63 -62 +34 +35 -57 -56 -55 -54 $
>NZ_CP009842.1
+3 +4 +5 +6 $
>NZ_CP006790.1
+232 +233 +234 $
>NZ_CP009785.1
+100 +101 +102 +103 +104 +105 +106 +107 +90 +91 +92 -230 +18 +19 +20 +21 +22 +23 +24 +25 +26 +27 +28 +29 +30 +31 +32 +33 +82 +83 +84 +85 +86 +87 +88 +89 -61 -60 -59 -66 -65 -64 -63 -62 +34 +35 -57 -56 -55 -54 -53 -52 -51 -50 -49 -48 -47 -46 -45 -44 +67 +68 +69 +70 +71 +72 +73 +74 +75 +76 +77 +58 -43 -42 -41 -40 -39 -38 -37 -36 -81 -80 -17 -16 -15 -14 -13 -12 -11 -10 -9 -8 -7 -229 -228 -227 -226 -225 -224 -223 -222 -221 -220 -219 -218 +190 +191 +192 +193 +194 +195 -206 -205 -204 -203 -202 +189 -217 -216 -215 -199 -198 -197 -196 +207 +208 +209 +210 +211 +212 +213 +214 +200 +201 -188 -187 -186 -185 -184 -175 -174 -173 -172 -171 -170 -169 -168 -167 -231 -231 -166 -165 -164 -163 -162 -161 -160 +158 +159 -157 -156 -155 -154 -153 -152 -151 -150 -149 -148 -147 -146 -145 -144 -143 -142 -141 -140 -139 -138 -137 +176 +177 +178 +179 +180 +181 +182 +183 -136 -135 -134 -133 -132 -131 -95 -130 -129 -128 -127 -126 -125 -124 -123 -122 -121 -120 -119 -118 -116 -115 -114 -113 -112 -111 -110 -109 -108 +78 +79 +93 +94 +95 +96 +97 +98 +99 $
>NC_017168.1
+93 +94 +95 +96 +97 +98 +99 +100 +101 +102 +103 +104 +105 +106 +107 +90 +91 +92 -230 +18 +19 +20 +21 +22 +23 +24 +25 +26 +27 +28 +29 +30 +31 +32 +33 +82 +83 +84 +85 +86 +87 +88 +89 -61 -60 -59 -66 -65 -64 -63 -62 +34 +35 -57 -56 -55 -54 -53 -52 -51 -50 -49 -48 -47 -46 -45 -44 +67 +68 +69 +70 +71 +72 +73 +74 +75 +76 +77 +58 -43 -42 -41 -40 -39 -38 -37 -36 -81 -80 -17 -16 -15 -14 -13 -12 -11 -10 -9 -8 -7 -229 -228 -227 -226 -225 -224 -223 -222 -221 -220 -219 -218 +190 +191 +192 +193 +194 +195 +217 -189 +202 +203 +204 +205 +206 -216 -215 -199 -198 -197 -196 +207 +208 +209 +210 +211 +212 +213 +214 +200 +201 -188 -187 -186 -185 -184 -175 -174 -173 -172 -171 -170 -169 -168 -167 -231 -166 -165 -164 -163 -162 -161 -160 +158 +159 -157 -156 -155 -154 -153 -152 -151 -150 -144 -143 -142 -141 -140 -139 -138 -137 +176 +177 +178 +179 +180 +181 +182 +183 -136 -135 -134 -133 -132 -131 -95 -130 -129 +126 +127 +128 +112 +113 +114 +115 +116 +118 +119 +120 +121 +122 +123 +124 +125 -111 -110 -109 -108 +78 +79 $
>NZ_CP010247.1
+216 +217 +218 +219 +220 +221 +222 +223 +224 +225 +226 +227 +228 +229 +7 +8 +9 -68 -67 +80 +81 -75 -74 -73 -72 -71 -70 -69 -77 -76 +47 +48 +49 -66 -65 -64 -63 -62 +34 +35 -57 -56 -55 -54 -53 -52 -51 -50 +59 +60 +61 -89 -88 -87 -86 -85 -84 -83 -82 -46 -45 -44 -17 -33 -32 -31 -30 -29 -28 -27 -26 -25 -24 -16 -15 -14 -13 -12 -11 -10 +58 -43 -42 -41 -40 -39 -38 -37 -36 -23 -22 -21 -20 -19 -18 +230 +93 +94 +95 +96 +97 +98 +99 +100 +101 +102 +103 +104 +105 +106 +107 +108 +109 +110 +111 -208 -207 +129 +130 +95 +131 +132 +133 +134 +135 +136 +137 +138 +139 +140 +141 +142 +143 +144 +145 +146 +147 +148 +149 +150 +151 +152 +153 +154 +155 +156 +157 -159 -158 +160 +161 +162 +163 +164 +165 +166 +167 +168 +169 +170 +171 +172 +173 +174 +175 +176 +177 +178 +179 +180 +181 +182 +183 +184 +185 +186 +187 +188 -201 -200 -199 -198 -197 -196 -195 -194 -193 -192 -191 -190 -189 +202 +203 +204 +205 +206 -128 -127 -126 -125 -124 -123 -122 -121 -120 -119 -118 -116 -115 -114 -113 -112 +209 +210 +211 +212 +213 +214 +215 $
>NC_005810.1
+56 +57 -35 -34 +62 +63 +64 +65 +66 +59 +60 +61 -16 -15 -14 -13 -12 -11 -89 -88 -87 -86 -85 -84 -83 -82 -81 -80 -17 -10 -9 -8 -7 -229 -228 -227 -226 -225 -224 -223 -222 -221 -220 -219 -218 -217 -121 -120 -119 -118 -117 -116 -115 -114 -113 -112 +209 +210 +211 +212 +213 +214 +215 +216 -128 -127 -126 -125 -124 -123 -122 +129 +130 +95 +131 +132 +133 +134 +135 +136 +137 -144 -143 -142 -141 -140 -139 -138 +145 +146 +147 +148 +149 -177 -176 -180 -179 -178 +150 +151 +152 +153 +154 +155 +156 +157 +160 +161 +162 +163 +164 +165 +166 +167 +168 +169 +170 +171 +172 +173 +174 +175 +181 +182 +183 +184 +185 +186 +187 +188 -201 -200 -199 -198 -197 -196 -208 -207 -206 -205 -204 -194 -193 -192 -191 -190 -189 +202 +203 +195 -111 -110 -109 +105 +106 +107 +108 -23 -22 -21 -20 -19 -18 +230 -58 -77 -76 +67 +68 +69 +70 +71 +72 +73 +74 +75 +44 +45 +46 +47 +48 +49 -79 -78 +90 +91 +92 +93 +94 +95 +96 +97 +98 +99 -104 -103 -102 -101 -100 +24 +25 +26 +27 +28 +29 +30 +31 +32 +33 +36 +37 +38 +39 +40 +41 +42 +43 +50 +51 +52 +53 +54 +55 $
>NC_017160.1
+56 +57 -35 -34 +62 +63 +64 +65 +66 +59 +60 +61 -89 -88 -87 -86 -85 -84 -83 -82 -33 -32 -31 -30 -29 -28 -27 -26 -25 -24 -23 -22 -21 -20 -19 -18 +230 -92 -91 -90 +78 +79 +93 +94 +95 +96 +97 +98 +99 +100 +101 +102 +103 +104 +105 +106 +107 -128 -127 -126 -125 -124 -123 -122 -121 -120 -119 -118 -116 -115 -114 -113 -112 +108 +109 +110 +111 +129 +130 +95 +131 +163 +164 +165 +166 +167 +168 +169 +170 +171 +172 +173 +174 +175 -136 -135 -134 -133 -132 -162 -161 -160 +158 +159 -157 -156 -155 -154 -153 -152 -151 -150 -149 -148 -147 -146 -145 -144 -143 -142 -141 -140 -139 -138 -137 +176 +177 +178 +179 +180 +181 +182 +183 +200 +201 -188 -187 -186 -185 -184 -214 -213 -212 -211 -210 -209 -208 -207 -206 -205 -204 -203 -202 +189 -217 -216 -215 -199 -198 -197 -196 -195 -194 -193 -192 -191 -190 +218 +219 +220 +221 +222 +223 +224 +225 +226 +227 +228 +229 +7 +8 +9 +10 +11 +12 +13 +14 +15 +16 +17 +80 +81 +36 +37 +38 +39 +40 +41 +42 +43 -58 -77 -76 -75 -74 -73 -72 -71 -70 -69 -68 -67 +44 +45 +46 +47 +48 +49 +50 +51 +52 +53 +54 +55 $
>NZ_CP019708.1
-231 -166 -165 -164 -163 -162 -161 -160 +158 +159 -157 -156 -155 -154 -153 -152 -151 -150 -149 -148 -147 -146 -145 -144 -143 -142 -141 -140 -139 -138 -137 +176 +177 +178 +179 +180 +181 +182 +183 -136 -135 -134 -133 -132 -131 -95 -130 -129 -128 -127 -126 -125 -124 -123 -122 -121 -120 -119 -118 -116 -115 -114 -113 -112 -111 -110 -109 -108 -24 -23 -22 -21 -20 -19 -18 +230 -92 -91 -90 -107 -106 -105 -104 -103 -102 -101 -100 -99 -98 -97 -96 -95 -94 -93 -79 -78 +25 +26 +27 +28 +29 +30 +31 +32 +33 +82 +83 +84 +85 +86 +87 +88 +89 -61 -60 -59 -66 -65 -64 -63 -62 +34 +35 -57 -56 -55 -54 -53 -52 -51 -50 -49 -48 -47 -46 -45 -44 +67 +68 +69 +70 +71 +72 +73 +74 +75 +76 +77 +58 -43 -42 -41 -40 -39 -38 -37 -36 -81 -80 -17 -16 -15 -14 -13 -12 -11 -10 -9 -8 -7 -229 -228 -227 -226 -225 -224 -223 -222 -221 -220 -219 -218 +190 +191 +192 +193 +194 +195 -206 -205 -204 -203 -202 +189 -217 -216 -215 -199 -198 -197 -196 +207 -214 -213 -212 -211 -210 -209 -208 +200 +201 -188 -187 -186 -185 -184 -175 -174 -173 -172 -171 -170 -169 -168 -167 -231 $
>NZ_CP064117.1
-53 -52 -51 -50 -49 -48 -47 -61 -60 -59 +44 +45 +46 +58 -30 -29 -28 -27 -26 -25 -24 -23 -22 -21 -20 -19 -18 -92 -91 -90 +78 +79 +93 +94 +95 +96 +97 +98 +99 +100 +101 +102 +103 +104 +105 +106 +107 +108 +109 +110 +111 +112 +113 +114 +115 +118 +119 +120 +121 +122 +123 +124 +125 +126 +127 +128 +129 +130 +95 +131 +132 +133 +134 +135 +136 +137 +138 +139 +140 +141 +142 +143 +144 +145 +146 +147 +148 +149 +150 +151 +152 +153 +154 +155 +156 +157 -159 -158 +160 +161 -167 -166 -165 -164 -163 -162 +168 +169 +170 +171 +172 +173 +174 +175 +176 +177 +178 +179 +180 +181 +182 +183 +184 +185 +186 +187 +188 -201 -200 -199 -198 -197 -196 -195 -194 -193 -192 -191 -190 -189 +202 +203 +204 +205 +206 +207 +208 +209 +210 +211 +212 +213 +214 +215 +216 +217 +218 +219 +220 +221 +222 +223 +224 +225 +226 +227 +228 +229 +7 +8 +9 +10 +11 +12 +13 +14 +15 +16 +17 +80 +81 +82 +83 +84 +85 +86 +87 +88 +89 -77 -76 -75 -74 -73 -72 -71 -70 -69 -68 -67 -66 -65 -43 -42 -41 -40 -39 -38 -37 -36 +62 +63 +64 +31 +32 +33 +34 +35 -57 -56 -55 -54 $
>NZ_CP033692.1
+232 +233 +234 $
>NZ_CP009990.1
-4 -3 -6 -5 $
>NZ_CP006792.1
-213 -212 -211 -210 -209 -208 -207 -206 -205 -204 -203 -202 +189 +190 +191 +192 +193 +194 +195 +196 +197 +198 +199 +200 +201 -188 -187 -186 -185 -184 -183 -182 -181 -180 -179 -178 -177 -176 -175 -174 -173 -172 -171 -170 -169 -168 +162 +163 +164 +165 +166 +167 -161 -160 +158 +159 -157 -156 -155 -154 -153 -152 -151 -150 -144 -143 -142 -141 -140 -139 -138 -137 -136 -135 -134 -133 -132 -131 -95 -130 -129 -128 -127 -126 -125 -124 -123 -122 -121 -120 -119 -118 -115 -114 -113 -112 -111 -110 -109 -108 -107 -106 -105 +78 +79 +93 +94 +95 +96 +97 +98 +99 +100 +101 +102 +103 +104 +90 +91 +92 +18 +19 +20 +21 +22 +23 +24 -28 -27 -26 -25 +29 +30 +31 +32 +33 +34 +35 -77 -76 -75 -74 -73 -72 -71 -70 -69 -68 -67 -66 -65 -64 -63 -62 +36 +37 +38 +39 +40 +41 +42 +43 -58 -57 -56 -55 -54 -53 -52 -51 -50 -49 -48 -47 -61 -60 -59 +44 +45 +46 -89 -88 -87 -86 -85 -84 -83 -82 -81 -80 -17 -16 -15 -14 -13 -12 -11 -10 -9 -8 -7 -229 -228 -227 -226 -225 -224 -223 -222 -221 -220 -219 -218 -217 -216 -215 -214 $
>NZ_CP006746.1
+235 +236 -233 -232 -234 +237 $
>NC_014029.1
+56 +57 -35 -34 +62 +63 +64 +65 +66 +59 +60 +61 -89 -88 -87 -86 -85 -84 -83 -82 -33 -32 -31 -30 -29 -28 -27 -26 -25 -24 -23 -22 -21 -20 -19 -18 +230 -79 -78 +90 +91 +92 +93 +94 +95 +96 +97 +98 +99 +100 +101 +102 +103 +104 +105 +106 +107 +108 +109 +110 +111 +112 +113 +114 +115 +116 +117 +118 +119 +120 +121 +122 +123 +124 +125 +126 +127 +128 +129 +130 +95 +131 +132 +133 +134 +135 +136 -175 -174 -173 -172 -171 -170 -169 -168 -167 -166 -165 -164 -163 -162 -161 -160 +158 +159 -157 -156 -155 -154 -153 -152 -151 -150 -144 -143 -142 -141 -140 -139 -138 -137 +176 +177 +178 +179 +180 +181 +182 +183 +184 +185 +186 +187 +188 -46 -45 -44 -201 -200 -214 -213 -212 -211 -210 -209 -208 -207 -206 -205 -204 -203 -202 +189 -217 -216 -215 -199 -198 -197 -196 -195 -194 -193 -192 -191 -190 +218 +219 +220 +221 +222 +223 +224 +225 +226 +227 +228 +229 +7 +8 +9 +10 +11 +12 +13 +14 +15 +16 +17 -43 -42 -41 -40 -39 -38 -37 -36 -81 -80 -58 -77 -76 -75 -74 -73 -72 -71 -70 -69 -68 -67 +50 +51 +52 +53 +54 +55 $
>NZ_CP016274.1
-3 -6 -5 -4 $
>NC_005815.1
-233 -232 -234 $
>NC_008150.1
+56 +57 +58 +80 +81 +67 +68 +69 +70 +71 +72 +73 +74 +65 +66 +93 +94 +95 +96 +97 +98 +99 +100 +101 +102 +103 +104 +105 +106 +107 +108 +109 +110 +111 +112 +113 +114 +125 +126 +127 +128 +129 +130 +95 +131 +132 +133 +134 +135 +136 +118 +119 +120 +121 +122 +123 +124 +115 +116 +117 +137 +138 +139 +140 +141 +142 +143 +144 +145 +146 +147 +148 +149 +150 +151 +152 +153 +154 +155 +156 +157 -159 -158 +160 +161 +162 +163 +164 +165 +166 +167 +168 +169 +170 +171 +172 +173 +174 +175 +176 +177 +178 +179 +180 +181 +182 +183 +184 +185 +186 +187 +188 -201 -200 -199 -198 -197 -196 -195 -194 -193 -192 -191 -190 -189 +202 +203 +204 +205 +206 -208 -207 +209 +210 +211 +212 +213 +214 +215 +216 +217 +218 +219 +220 +221 +222 +223 +224 +225 +226 +227 +228 +229 +7 +8 +9 +10 -14 -13 -12 -11 +15 +16 +17 -52 -51 -50 -230 +18 +19 +20 +21 +22 +23 -61 -60 -59 -79 -78 +90 +91 +92 -43 -42 -41 -75 -64 -63 -62 +34 +35 +24 +25 +26 -77 -76 -40 -39 -38 -37 -36 +44 +45 +46 +31 +32 +33 +82 +83 +84 +85 +86 +87 +88 +89 -30 -29 -28 -27 +47 +48 +49 +53 +54 +55 $
>NZ_CP033693.1
+234 +232 +233 $
>NZ_CP009844.1
-54 -53 -52 -51 -50 -49 -48 -47 -46 -45 -44 +67 +68 +69 +70 +71 +72 +73 +74 +75 +76 +77 +58 -43 -42 -41 -40 -39 -38 -37 -36 -81 -80 -17 -16 -15 -14 -13 -12 -11 -10 -9 -208 -207 +196 +197 +198 +199 +215 +216 +217 -189 +202 +203 +204 +205 +206 -195 -194 -193 -192 -191 -190 +218 +219 +220 +221 +222 +223 +224 +225 +226 +227 +228 +229 +7 +8 +209 +210 +211 +212 +213 +214 +200 +201 -188 -187 -186 -185 -184 -175 -174 -173 -172 -171 -170 -169 -168 -167 -231 -166 -165 -164 -163 -162 -161 -160 +158 +159 -157 -156 -155 -154 -153 -152 -151 -150 -149 -148 -147 -146 -145 -144 -143 -142 -141 -140 -139 -138 -137 +176 +177 +178 +179 +180 +181 +182 +183 -136 -135 -134 -133 -132 -131 -95 -130 -129 -128 -127 -126 -125 -124 -123 -122 -121 -120 -119 -118 -116 -115 -114 -113 -112 -111 -110 -109 -108 +78 +79 +93 +94 +95 +96 +97 +98 +99 +100 +101 +102 +103 +104 +105 +106 +107 +90 +91 +92 -230 +18 +19 +20 +21 +22 +23 +24 +25 +26 +27 +28 +29 +30 +31 +32 +33 +82 +83 +84 +85 +86 +87 +88 +89 -61 -60 -59 -66 -65 -64 -63 -62 +34 +35 -57 -56 -55 $
>NZ_CP045149.1
-53 -52 -51 -50 +67 +68 +69 +70 +71 +72 +73 +74 +75 +76 +77 -89 -88 -87 -86 -85 -84 -83 -82 -81 -80 -17 -16 -15 -14 -13 -12 -11 -10 -9 -8 -7 -229 -228 -227 -226 -225 -224 -223 -222 -221 -220 -219 -218 -217 -216 -215 -214 -213 -212 -211 -210 -209 -208 -207 -206 -205 -204 -203 -202 +189 +190 +191 +192 +193 +194 +195 +196 +197 +198 +199 +200 +201 -188 -187 -186 -185 -184 -183 -182 -181 -180 -179 -178 -177 -176 -175 -174 -173 -172 -171 -170 -169 -168 -167 -166 -165 -164 -163 -162 -161 -160 +158 +159 -157 -156 -155 -154 -153 -152 -151 -150 -144 -143 -142 -141 -140 -139 -138 -137 -136 -135 -134 -133 -132 -131 -95 -130 -129 -128 -127 -126 -125 -124 -123 -122 -121 -120 -119 -118 -117 -116 -115 -114 -113 -112 -111 -110 -109 -108 -107 -106 -105 -104 -103 -102 -101 -100 -99 -23 -22 -21 -20 -19 -18 +230 -79 -78 +90 +91 +92 +93 +94 +95 +96 +97 +98 +24 +25 +26 +27 +28 +29 +30 +31 +32 +33 +36 +37 +38 +39 +40 +41 +42 +43 +44 +45 +46 +47 +48 +49 -58 -61 -60 -59 -66 -65 -64 -63 -62 +34 +35 -57 -56 -55 -54 $
>NC_005813.1
+6 +3 +4 +5 $
>NZ_CP009783.1
-3 -6 -5 -4 $
>NC_010159.1
+56 +57 -35 -34 +62 +63 +64 +65 +68 -97 -96 -95 -94 -93 -230 +18 +19 +20 +209 -210 -199 -198 -197 +203 +204 +77 +69 +70 +71 +72 +73 +61 -88 -87 -86 +82 +83 +84 +26 +27 +28 +29 +30 +31 +32 +11 +12 +13 +14 +15 +16 +21 +22 +23 +36 +37 +38 +39 -33 -218 -217 -85 -119 -118 +112 +113 +114 +115 +120 +121 +122 +123 +124 +125 +126 -138 -137 -136 +184 +185 +186 +187 +188 -201 -200 +211 +212 +213 +214 +215 +216 +75 -196 +127 +128 +140 +141 +142 +143 +144 +145 +146 +147 +148 -162 -159 -169 -168 +165 +166 +167 -164 -163 -161 -160 +158 -170 -157 -156 -155 -154 -153 -152 -151 -150 -149 +171 +172 +173 +174 +175 +176 +177 -111 -194 -193 -192 -191 +76 -181 +179 +180 +195 -220 -219 +24 +25 +130 +95 +131 +132 +133 +221 +222 +223 +224 +135 -202 +189 +190 -225 -134 +129 -109 -108 -107 -106 -105 +227 +228 +229 +7 +8 +98 +104 +226 -110 +9 +10 +182 +183 -178 -208 -207 -206 -205 -74 -60 -59 +50 +51 +52 -66 +99 +100 +101 +102 +103 -67 -58 +89 -81 -80 -17 -46 -45 -44 +47 +48 +49 +53 +54 +55 $
>NZ_CP009906.1
+157 -159 -158 +160 +161 +162 +163 +164 +165 +166 +167 +168 +169 +170 +171 +172 +173 +174 +175 +176 +177 +178 +179 +180 +181 +182 +183 +184 +185 +186 +187 +188 -201 -200 -199 -198 -197 -196 -195 -194 -193 -192 -191 -190 -189 +202 +203 +204 +205 +206 -208 -207 +209 +210 +211 +212 +213 +214 +215 +216 +217 +218 +219 +220 +221 +222 +223 +224 +225 +226 +227 +228 +229 +7 +8 +9 +10 -14 -13 -12 -11 +15 +16 +17 -52 -51 -50 -230 +18 +19 +20 +21 +22 +23 -61 -60 -59 -79 -78 +90 +91 +92 -43 -42 -41 -75 -64 -63 -62 +34 +35 -57 -56 -55 -54 -53 -49 -48 -47 +27 +28 +29 +30 -89 -88 -87 -86 -85 -84 -83 -82 -33 -32 -31 -46 -45 -44 +36 +37 +38 +39 +40 +76 +77 -26 -25 -24 +58 +80 +81 +67 +68 +69 +70 +71 +72 +73 +74 +65 +66 +93 +94 +95 +96 +97 +98 +99 +100 +101 +102 +103 +104 +105 +106 +107 +108 +109 +110 +111 +112 +113 +114 +125 +126 +127 +128 +129 +130 +95 +131 +132 +133 +134 +135 +136 +118 +119 +120 +121 +122 +123 +124 +115 +116 +117 +137 +138 +139 +140 +141 +142 +143 +144 +145 +146 +147 +148 +149 +150 +151 +152 +153 +154 +155 +156 $
>NZ_CP006748.1
+127 +128 -206 -205 -204 -203 -202 +189 +190 +191 +192 +193 +194 +195 +196 +197 +198 +199 +200 +201 -188 -187 -186 -185 -184 -183 -182 -181 -180 -179 -178 -177 -176 -175 -174 -173 -172 -171 -170 -169 -168 -167 -166 -165 -164 -163 -162 -161 -160 +158 +159 -157 -156 -155 -154 -153 -152 -151 -150 -149 -148 -147 -146 -145 -144 -143 -142 -141 -140 -136 -135 -134 -133 +105 +106 +107 +108 +109 +110 +111 -208 -207 +129 +130 +95 +131 +132 -104 -103 -102 -101 -100 -99 -98 -97 -96 -95 -94 -93 -230 +18 +19 +20 +21 +22 +23 +36 +37 +38 +39 +40 +41 +42 +43 -58 +10 +11 +12 +13 +14 +15 +16 +24 +25 +26 +27 +28 +29 +30 +31 +32 +33 +17 +44 +45 +46 +82 +83 +84 +85 +86 +87 +88 +89 -61 -60 -59 +50 +51 +52 +53 +54 +55 +56 +57 -35 -34 +62 +63 +64 +65 +66 -49 -48 -47 +76 +77 +69 +70 +71 +72 +73 +74 +75 -81 -80 +67 +68 -9 -8 -7 -229 -228 -227 -226 -225 -224 -223 -222 -221 -220 -219 -218 -217 -216 -215 -214 -213 -212 -211 -210 -209 +112 +113 +114 +115 +116 +118 +119 +120 +121 +122 +123 +124 +125 +126 $
>NZ_CP045164.1
-234 -233 -232 $
>NZ_CP009722.1
-232 -234 -233 $
>NZ_CP009905.1
-6 -5 -4 -3 $
>NC_008122.1
+3 +4 +5 +6 $
>NZ_CP033689.1
+4 +5 +6 +3 $
>NC_010158.1
+232 +233 -234 $
>NZ_CP045260.1
+6 +3 +4 +5 $
>NZ_CP006747.1
-3 -6 -5 -4 $
>NZ_CP045146.1
-234 -233 -232 $
>NZ_CP009704.1
+198 +199 +200 +201 -188 -187 -186 -185 -184 -183 -182 -181 -180 -179 -178 +162 +163 +164 +165 +166 +167 +168 +169 +170 +171 +172 +173 +174 +175 +176 +177 -161 -160 +158 +159 -157 -156 -155 -154 -153 -152 -151 -150 -144 -143 -142 -141 -140 -139 -138 -137 -136 -135 -134 -133 -132 -131 -95 -130 -129 -128 -127 -126 -125 -124 -123 -122 -121 -120 -119 -118 +203 +204 +205 +206 +207 +208 +209 +210 +211 +212 +213 +214 +215 +216 +217 +218 +219 +220 +221 +222 +223 +224 +225 +226 +227 +228 +229 +7 +8 +9 +10 +11 +12 +13 +14 +15 +16 +17 +18 +19 +20 +21 +22 -27 -26 -25 -24 -23 +28 +29 +30 +31 +32 +33 +34 +35 +36 +37 +38 +39 +40 +41 +42 +43 +44 +45 +46 +47 +48 +49 +50 +51 +52 +53 +54 +55 +56 +57 +58 +59 +60 +61 +62 +63 +64 +65 +66 +67 +68 +69 +70 +71 +72 +73 +74 +75 +76 +77 +78 +79 +80 +81 +82 +83 +84 +85 +86 +87 +88 +89 +90 +91 +92 +93 +94 +95 +96 +97 +98 +99 +100 +101 +102 +103 +104 +105 +106 +107 +108 +109 +110 +111 +112 +113 +114 +115 +116 +117 -202 +189 +190 +191 +192 +193 +194 +195 +196 +197 $
>NZ_CP009721.1
-6 -5 -4 -3 $
>NC_008120.1
-233 -232 -234 $
>NZ_CP009989.1
-233 -232 -234 $
>NC_017155.1
-233 -232 -234 $
>NC_017158.1
-233 -232 -234 $
>NC_017266.1
-233 -232 -234 $
>NC_014017.1
-4 -3 -6 -5 $
>NZ_CP064124.1
-53 -52 -51 -50 -49 -48 -47 +75 +44 +45 +46 +59 +60 +61 -89 -88 -87 -86 -85 -84 -83 -82 +11 +12 +13 +14 +15 +16 -81 -80 -17 -10 -9 -144 -143 -142 -141 -140 -139 -138 +217 +218 +219 +220 +221 +222 +223 +224 +225 +226 +227 +228 +229 +7 +8 +209 +210 +211 +212 +213 +214 +215 +216 -128 -127 -126 -125 -124 -123 -122 +129 +130 +95 +131 +132 +133 +134 +135 +136 +137 +112 +113 +114 +115 +116 +117 +118 +119 +120 +121 +145 +146 +147 +148 +149 -177 -176 +197 +198 +199 +200 +201 -188 -187 -186 -185 -184 -183 -182 -181 -180 -179 -178 +150 +151 +152 +153 +154 +155 +156 +157 +160 +161 +162 +163 +164 +165 +166 +167 +168 +169 +170 -171 +172 +173 +174 +175 +203 +204 +205 +206 +207 -194 -193 -192 -191 -190 -189 +202 -196 -195 +208 -111 -110 -109 -108 -107 -106 -105 -23 -22 -21 -20 -19 -18 +230 -58 -77 -76 -104 -103 -102 -101 -100 -99 -98 -97 -96 -95 -94 -93 -92 -91 -90 +78 +79 -43 -42 -41 -40 -39 -38 -37 +25 +26 +27 +28 +29 +30 +31 +32 +33 +24 -36 -74 -73 -72 -71 -70 -69 -68 -67 -66 -65 -64 -63 -62 +34 +35 -57 -56 -55 -54 $
>NZ_CP009843.1
+234 $
>NZ_CP010248.1
-233 -232 -234 +237 +235 +236 $
>NZ_CP019709.1
+234 -233 -232 $
>NZ_CP045163.1
-53 -52 -51 -50 -49 -48 -47 -61 -60 -59 +44 +45 +46 -35 -34 -33 -32 -31 -30 -29 +25 +26 +27 +28 -24 -23 -22 -21 -20 -19 -18 -92 -91 -90 -104 -103 -102 -101 -100 -99 -98 -97 -96 -95 -94 -93 -79 -78 +105 +106 +107 +108 +109 +110 +111 +112 +113 +114 +115 +118 +119 +120 +121 +122 +123 +124 +125 +126 +127 +128 +129 +130 +95 +131 +132 +133 +134 +135 +136 +137 +138 +139 +140 +141 +142 +143 +144 +150 +151 +152 +153 +154 +155 +156 +157 -159 -158 +160 +161 -167 -166 -165 -164 -163 -162 +168 +169 +170 +171 +172 +173 +174 +175 +176 +177 +178 +179 +180 +181 +182 +183 +184 +185 +186 +187 +188 -201 -200 -199 -198 -197 -196 -195 -194 -193 -192 -191 -190 -189 +202 +203 +204 +205 +206 +207 +208 +209 +210 +211 +212 +213 +214 +215 +216 +217 +218 +219 +220 +221 +222 +223 +224 +225 +226 +227 +228 +229 +7 +8 +9 +10 +11 +12 +13 +14 +15 +16 +17 +80 +81 +82 +83 +84 +85 +86 +87 +88 +89 -77 -76 -75 -74 -73 -72 -71 -70 -69 -68 -67 -66 -65 -64 -63 -62 +36 +37 +38 +39 +40 +41 +42 +43 -58 -57 -56 -55 -54 $
>NZ_CP009904.1
-234 -233 -232 $
>NC_017169.1
-232 +234 -233 $
>NZ_CP045150.1
-234 -233 -232 $
>NZ_CP045152.1
+2 +1 $
>NZ_CP009784.1
+234 -233 -232 $
>NZ_CP016275.1
+232 +233 -234 $
>NZ_CP045259.1
-234 -233 -232 $
>NC_017265.1
+56 +57 +58 +59 +60 +61 +62 +63 +64 +65 +66 +67 +68 +69 +70 +71 +72 +73 +74 +75 +76 +77 +78 +79 +80 +81 +82 +83 +84 +85 +86 +87 +88 +89 +90 +91 +92 +93 +94 +95 +96 +97 +98 +99 +100 +101 +102 +103 +104 +105 +106 +107 +108 +109 +110 +111 +112 +113 +114 +115 +116 +117 -202 +189 +190 +191 +192 +193 +194 +195 +196 +197 +198 +199 +200 +201 -188 -187 -186 -185 -184 -183 -182 -181 -180 -179 -178 +162 +163 +164 +165 +166 +167 +168 +169 +170 +171 +172 +173 +174 +175 +176 +177 -161 -160 +158 +159 -157 -156 -155 -154 -153 -152 -151 -150 -144 -143 -142 -141 -140 -139 -138 -137 -136 -135 -134 -133 -132 -131 -95 -130 -129 -128 -127 -126 -125 -124 -123 -122 -121 -120 -119 -118 +203 +204 +205 +206 +207 +208 +209 +210 +211 +212 +213 +214 +215 +216 +217 +218 +219 +220 +221 +222 +223 +224 +225 +226 +227 +228 +229 +7 +8 +9 +10 +11 +12 +13 +14 +15 +16 +17 +18 +19 +20 +21 +22 -27 -26 -25 -24 -23 +28 +29 +30 +31 +32 +33 +34 +35 +36 +37 +38 +39 +40 +41 +42 +43 +44 +45 +46 +47 +48 +49 +50 +51 +52 +53 +54 +55 $
>NZ_CP019710.1
-6 -5 -4 -3 $
