>NZ_CP045261.1
+1 +2 $
>NZ_CP016276.1
+3 +4 $
>NZ_CP045262.1
+4 +5 +3 $
>NC_008121.1
-5 -4 -3 $
>NZ_CP009703.1
+6 +7 +8 +9 +10 +11 +12 +13 +14 +15 +16 +17 +18 +19 +20 +21 $
>NC_017263.1
-14 -13 -12 -11 -10 -9 -8 -7 -6 -21 -20 -19 -18 -17 -16 -15 $
>NC_017153.1
-14 -13 -12 -11 -10 -9 -8 -7 -6 -21 -20 -19 -18 -17 -16 -15 $
>NZ_CP045151.1
+18 +19 +20 +21 +6 +7 +8 +9 +10 +11 +12 +13 +14 +15 +16 +17 $
>NZ_CP033690.1
+22 +23 +24 +25 +26 +27 +28 +29 +30 +31 +32 +33 +34 +35 +36 +37 +38 +39 +40 +41 +42 +43 +44 +45 +46 +47 +48 +49 +50 +51 +52 +53 +54 +55 +56 +57 +58 +59 +60 +61 +62 +63 +64 +65 +66 +67 +68 +69 +70 +71 +72 +73 +74 +75 +76 +77 +78 +79 +80 +81 +82 +83 +84 +85 +86 +87 +88 +89 +90 +91 +92 +93 +94 +95 +96 +97 +98 +99 +100 +101 +102 +102 +103 +104 +105 +106 +107 +108 +109 +110 +111 +112 +113 +114 +115 +116 +117 +118 +119 +120 +121 +122 +123 +124 +125 +126 +127 +128 +129 +130 +131 +132 +133 +134 +135 +136 +137 +138 +139 -94 +140 +141 +142 +143 +144 +145 +146 +147 +148 +149 +150 +151 +152 +153 +154 +155 +156 +157 +158 +159 +160 +161 +162 +163 +164 +165 +166 +167 +132 +168 +169 +170 +171 +172 +173 +174 +175 +176 +177 +178 +179 +180 +181 +182 +183 +184 +185 +186 +187 +188 +189 +190 +191 +192 +193 +194 +195 +196 +197 +198 +198 +198 +199 +200 +201 +202 +203 +204 +205 +206 +207 +208 +209 +210 +211 +212 +213 +214 +215 +216 +217 +218 +219 +220 +221 +222 +223 +224 +225 +216 +216 +226 +227 +228 +229 +230 +231 +232 +233 +234 +235 +236 +237 +235 +238 +239 +240 +241 +242 +243 +244 +245 +246 +247 +248 +124 +249 +250 +251 +252 +253 +254 +255 +256 +257 +258 +259 +260 +261 +262 +263 +264 +265 +266 +267 +268 +269 +270 +271 +272 +273 +274 +275 +276 +277 +278 +279 +280 +281 +279 +282 +283 +284 +285 +286 +287 +288 +289 +290 +291 +292 +293 +294 +295 +296 +297 +298 +299 +300 +301 +302 +303 +304 +305 +306 +307 +308 +309 +310 +311 +312 +313 +232 +233 +236 +314 +315 +316 +317 +318 +319 +320 +321 +322 +323 +324 +325 +326 +327 +328 +329 +330 +331 +332 +333 +334 +335 +336 +337 +338 +339 +340 -40 +341 +342 +343 +344 +345 +346 +347 +348 +349 +350 +351 +352 +353 +354 +355 +356 +357 +358 +359 +360 +361 +362 +363 +364 +365 +366 +324 +367 +368 +369 +370 +371 +372 +373 +374 +375 +376 +377 +378 +379 +380 +381 +382 +383 +384 +385 +386 +387 +388 +389 +390 +391 +392 +393 +394 +395 +396 +397 +398 +399 +400 +401 +402 +403 +404 +405 +406 +407 +408 +409 +410 +411 +412 +413 +414 +415 +416 +417 +418 +419 +420 +421 +422 -216 +423 +424 +425 +426 +427 +428 +429 +430 +431 +432 +433 +434 +435 +436 +437 +438 +439 +440 +441 +442 +443 +444 +445 +446 +447 +448 +449 +450 -254 +451 +452 +453 +454 +455 +456 +457 +458 +459 +460 +461 +462 +463 +464 +465 +466 +467 +468 +469 +470 +471 +472 +473 +474 +475 +476 +477 +478 +479 +480 +481 +482 +483 +484 +485 +486 +487 +488 +489 +490 +491 +492 +493 +494 +495 +496 +497 +498 +499 +500 +501 +502 +503 +504 +505 +506 +507 +508 +509 +510 +511 +512 +513 +514 +515 +516 +517 +518 +519 +520 +521 $
>NC_017154.1
+137 +138 -94 -93 -92 -91 -90 +154 +155 +156 +157 +158 +159 +160 +161 +162 +163 +164 +165 +166 +167 +142 +143 +144 +145 +146 +147 +148 +149 +150 +151 +152 +522 -221 -220 -219 -218 -217 -216 -215 -214 -213 -212 -211 -210 -209 -208 -89 -88 -87 -86 -85 -84 -83 -82 -81 -80 -79 -78 -77 -76 -75 +523 -74 -73 -72 -71 -70 -69 -68 -67 -66 -65 -64 -63 -62 -61 -60 -59 -58 -57 -56 -55 -54 -53 -52 -52 -52 +524 +525 -227 -226 -216 -216 -225 -224 -223 +526 +196 +197 +198 +198 +198 +199 +527 +229 +230 +231 +232 +233 +236 +237 +235 +238 +239 +240 +241 +242 +243 +244 +245 +246 +247 +248 +124 +249 +250 +251 +252 +253 +254 +255 +256 +257 +528 +258 +259 +260 +261 +262 +263 +264 +265 +266 +267 +268 +269 +270 +271 +272 +273 +274 +529 +275 +276 +277 +278 +279 +280 +281 +279 +282 +283 +284 +285 +286 +287 +288 +289 +290 +291 +292 +293 +294 +295 +296 +297 +298 +299 +300 +301 +302 +303 +304 +305 +306 +307 +308 +309 +310 +311 +312 +313 +232 +233 +234 +235 +236 +314 +315 +316 +317 +318 +319 +320 +321 +322 +323 +324 +325 +530 -414 -413 -412 -411 -410 -409 +531 -407 -406 -405 -404 -403 -402 -401 -400 -399 -419 -418 -417 -416 +532 +327 +328 +329 +330 +331 +332 +333 +334 +335 +336 +337 +338 +339 +340 -40 +341 +342 +343 +533 +344 +345 +346 +347 +349 +350 +351 +352 +353 +354 +355 +356 +357 +358 +359 +360 +361 +362 +363 +364 +365 +366 +534 -369 -368 -367 +535 +371 +372 +373 +374 +375 +377 +378 +379 +380 +381 +382 +383 +384 +385 +386 +387 +388 +389 +390 +391 +392 +393 +394 +395 +396 +397 +398 +536 +420 +421 +422 -216 +423 +424 +425 +426 +427 +428 +429 +430 +431 +432 +433 +434 +435 +436 +437 +438 +439 +440 +441 +442 +443 -508 +499 +500 -445 -444 +471 +472 +473 +474 +475 +476 +477 +478 +479 +480 +481 +482 +483 +484 +485 +486 +487 +488 +489 +490 +491 +492 +493 +494 +537 +466 +467 +468 +469 +470 -498 -497 -496 -495 +538 -464 -463 -462 -461 -460 -459 -458 -457 -456 -455 -454 -453 -452 -451 -450 -449 -448 -447 -446 +501 +502 +503 +504 +505 +506 +507 +509 +510 +511 +512 +513 +514 +515 +516 +517 +518 +519 +520 +521 +22 +23 +24 +539 +25 -266 +26 +28 +29 +30 +31 +32 +33 +34 +35 +36 +37 +38 +39 +41 +42 +43 +44 +45 +46 +47 +48 +49 +50 -111 -110 -109 -108 -107 -106 -105 -104 -103 -102 -102 -101 -100 -99 -98 -97 +195 -206 -205 -204 -203 -202 -201 -200 -141 -140 -266 -194 -193 -192 -191 -190 -189 -170 -187 -186 -185 -184 -183 -182 -181 -180 -179 -178 -177 -176 -175 -174 -173 -172 -171 +94 -139 -169 -168 +540 +113 +114 +115 +116 +117 +118 +119 +120 +121 +122 +123 +124 +125 +126 +127 +128 +129 +130 +131 +132 +133 +134 +135 +136 $
>NZ_CP045147.1
+18 +19 +508 +20 +21 +6 +7 +8 +9 +10 +11 +12 +13 +14 +15 +16 +17 $
>NC_003143.1
+137 +138 +139 -94 -93 -92 -91 -90 +154 +155 +156 +157 +158 +159 +160 +161 +162 +163 +119 +164 +165 +166 +167 +142 +143 +144 +145 +146 +147 +148 +541 +149 +150 +151 +152 +522 -221 -220 -219 -218 -217 -216 -215 -214 -213 -212 -211 -210 -209 -208 +542 -89 -88 -87 -86 -85 -84 -83 -82 -81 -80 -79 -78 -77 -76 -75 +523 -74 -73 -72 -71 -70 -69 -68 -67 -66 -65 -64 -63 -62 -61 -60 +543 -59 -58 -57 -56 -55 -54 -53 -52 -52 -52 +524 +525 -227 -226 -216 -225 -224 -223 +526 -257 -256 -255 -254 -253 -252 -251 -250 -249 -124 -248 -247 -246 -245 -244 -243 -242 +544 -241 -240 -239 -238 -235 -237 -236 -235 -234 -233 -232 -231 -230 -229 -527 -199 -198 -198 -198 -197 -196 +528 +258 +259 +260 +261 +262 +263 +264 +265 +266 +267 +268 +269 +270 +271 +272 +273 +274 +529 +275 +276 +277 +282 +283 +284 +285 +286 +287 +288 +289 +290 +291 +292 +293 +294 +295 +296 +297 +545 +298 +299 +300 +301 +302 +303 +304 +305 +306 +307 +308 +309 +310 +311 +312 +313 +232 +233 +236 +314 +315 +316 +317 +318 +319 +320 +321 +546 +322 +323 +324 +325 -432 -431 -430 -429 -428 -427 -426 +547 -425 -424 -423 +216 -422 -421 -420 -419 -418 -417 -416 +532 +327 +328 +329 +330 +331 +332 +333 +334 +335 +336 +337 +338 +339 +340 -40 +341 +342 +343 +533 +344 +345 +346 +347 +348 +349 +350 +351 +352 +353 +354 +548 +355 +356 +357 +358 +359 +360 +361 +362 +363 +364 +365 +366 +534 -369 -368 -367 +535 +371 +372 +373 +374 +375 +376 +377 +378 +379 +380 +381 +382 +383 +384 +385 +386 +387 +388 +389 +549 +550 +390 +391 +392 +393 +394 +395 +396 +397 +398 +399 +400 -190 +401 +402 +403 +404 +405 +406 +407 -531 +409 +410 +411 +412 +413 +414 +551 +434 +435 +436 +437 +438 +439 +440 +441 +442 +443 +552 -470 -469 -468 -467 -466 -537 -494 -493 -492 -491 -490 -489 -488 -487 -486 -485 +553 -484 +554 +457 +458 +459 +460 +461 +462 +463 +464 -538 +495 +496 +497 +498 +499 +500 -445 -444 +471 +472 +473 +474 +475 +476 +477 +478 +479 +480 +481 +482 +483 +555 -456 -455 -454 -453 -452 -451 -450 -449 -448 -447 -446 +501 +502 +503 +504 +556 +505 +506 +507 +509 +510 +511 +512 +513 +514 +515 +516 +517 +557 +518 +519 +520 +521 +22 +23 +24 +539 +25 +26 +27 +28 +29 +30 +31 +32 +33 +34 +35 +36 +37 +38 +39 +41 +42 +43 +44 +45 +46 +47 +48 +49 +50 +201 +202 +203 +204 +205 +206 -195 +97 +98 +99 +541 -111 -110 -109 -108 -107 -106 -105 -104 -103 -102 -102 -101 -100 +558 -141 -140 -194 -193 -192 -191 -190 -189 -188 -187 -186 -185 -184 -183 -182 -181 -180 -179 -178 -177 -176 -175 -174 -173 -172 -171 -170 -169 -168 +540 +113 +114 +115 +116 +117 +118 +119 +120 +121 +122 +123 +124 +125 +126 +127 +128 +129 +130 +131 +132 +133 +134 +135 +136 $
>NZ_CP009723.1
-203 -202 -201 +559 -50 -49 -48 -47 -46 -45 -44 -43 -42 -41 -39 -38 -37 -36 -35 -34 -33 -32 -31 -30 -29 -28 -27 -26 -25 -539 -24 -23 -22 -521 -520 -519 -518 -557 -517 -516 -515 -514 -513 -512 -511 -510 -509 -507 -506 -505 -556 -504 -503 -502 -501 +446 +447 +448 +449 +450 +451 +452 +453 +454 +455 +456 -555 -483 -482 -481 -480 -479 -478 -477 -476 -475 -474 -473 -472 -471 +444 +445 -500 -499 -498 -497 -496 -495 +538 -464 -463 -462 -461 -460 -459 -458 -457 -554 +484 -553 +485 +486 +487 +488 +489 +490 +491 +492 +493 +494 +537 +466 +467 +468 +469 +470 -443 -442 -441 -440 -439 -438 -437 -436 -435 -434 -551 -414 -413 -412 -411 -410 -409 +531 -407 -406 -405 -404 -403 -402 -401 +190 -400 -399 -398 -397 -396 -395 -394 -393 -392 -391 -390 -550 -549 -550 -549 -389 -388 -387 -386 -385 -384 -383 -382 -381 -380 -379 -378 -377 -375 -374 -373 -372 -371 -535 +367 +368 +369 -534 -366 -365 -364 -363 -362 -361 -360 -359 -358 -357 -356 -355 -548 -354 -353 -352 -351 -350 -349 -348 -347 -346 -345 -344 -533 -343 -342 -341 +40 -340 -339 -338 -337 -336 -335 -334 -333 -332 -331 -330 -329 -328 -327 -532 +416 +417 +418 +419 +420 +421 +422 -216 +423 +424 +425 -547 +560 -430 -429 -428 -427 +432 -325 -324 -323 -322 -321 -320 -319 -318 -317 -316 -315 -314 -236 -233 -232 -313 -312 -311 -310 -309 -308 -307 -306 -305 -304 -303 -302 -301 -300 -299 -298 -545 -297 -296 -295 -294 -293 -292 -291 -290 -289 -288 -287 -286 -285 -284 -283 -282 -277 -276 -275 -529 -274 -273 -272 -271 -270 -269 -268 -267 -266 -265 -264 -263 -262 -261 -260 -259 -258 +196 +197 +198 +198 +198 +199 +527 +229 +230 +231 +232 +233 +234 +235 +236 +237 +235 +238 +239 +240 +241 -544 +242 +243 +244 +245 +246 +247 +248 +124 +249 +250 +251 +252 +253 +254 +255 +256 +257 +561 +223 +224 +225 +216 +226 +227 -525 -524 +52 +52 +52 +53 +54 +55 +56 +57 +58 +59 -543 +60 +61 +62 +63 +64 +65 +66 +67 +68 +69 +70 +71 +72 +73 +74 -523 +75 +76 +77 +78 +79 +80 +81 +82 +83 +84 +85 +86 +87 +88 +89 -542 +208 +209 +210 +211 +212 +213 +214 +215 +216 +217 +218 +219 +220 +221 -522 -152 -151 -150 -149 -148 -147 -146 -145 -144 -143 -142 -167 -166 -165 -164 +562 -163 -162 -161 -160 -159 -158 -157 -156 -155 -154 +90 +91 +92 +93 +94 -139 -138 -137 -136 -135 -134 -133 -132 -131 -130 -129 -128 -127 -126 -125 -124 -123 -122 -121 -120 -118 -117 -116 -115 -114 -113 +563 +168 +169 +139 +170 +171 +172 +173 +174 +175 +176 +177 +178 +179 +180 +181 +182 +183 +184 +186 +187 +188 +189 +190 +191 +192 +193 +194 +140 +141 -111 -110 -109 -108 -107 -106 -105 -104 -103 -102 -102 -101 -100 -47 -99 -98 -97 -561 -206 -205 -204 $
>NC_003131.1
-14 -13 -12 -11 -10 -9 -8 -7 -6 -21 -20 -19 -18 -17 -16 -15 $
>NZ_CP009702.1
+564 +565 +566 +567 +568 +569 +570 +571 +572 +573 +574 +575 +576 +577 +578 +579 +580 +581 +582 +583 +584 +585 +586 +587 $
>NC_010157.1
-14 -13 -12 -11 -10 -9 -8 -7 -6 -21 -20 -19 -18 -17 -16 -15 $
>NZ_CP016273.1
-128 -127 -126 -131 -130 -129 -128 -127 -126 -125 -124 -123 -122 -121 -120 -119 -118 -117 -116 -115 -114 -113 +563 +168 +169 +139 +170 +171 +172 +173 +174 +175 -74 -73 -72 -71 -70 -69 -68 -67 -66 -65 -64 -63 -62 -61 -60 +543 -59 -58 -57 -56 -55 -54 -53 -52 -52 -52 +524 +525 -227 -226 -216 -225 -224 -223 +526 -257 -256 -255 -254 -253 -252 -251 -250 -249 -124 -248 -247 -246 -245 -244 -243 -242 +544 -241 -240 -239 -238 -235 -237 -236 -235 -234 -233 -232 -231 -230 -229 -527 -199 -198 -198 -198 -197 -196 +528 +258 +259 +260 +261 +262 +263 +264 +265 +266 +267 +268 +269 +270 +271 +272 +273 +274 +529 +275 +276 +277 +282 +283 +284 +285 +286 +287 +288 +289 +290 +291 +292 +293 +294 +295 +296 +297 +545 +298 +299 +300 +301 +302 +303 +304 +305 +306 +307 +308 +309 +310 +311 +312 +313 +232 +233 +236 +314 +315 +316 +317 +318 +319 +320 +321 +546 +322 +323 +324 +325 -432 -431 -430 -429 -428 -427 -426 +547 -425 -424 -423 +216 -422 -421 -420 -419 -418 -417 -416 +532 +327 +328 +329 +330 +331 +332 +333 +334 +335 +336 +337 +338 +339 +340 +588 +349 +350 +351 +352 +353 +354 +548 +355 +356 +357 +358 +359 +360 +361 +362 +363 +364 +365 +366 +534 -369 -368 -367 +535 +371 +372 +373 +374 +375 +376 +377 +378 +379 +380 +381 +382 +383 +384 +385 +386 +387 +388 +389 +549 +550 +549 +550 +390 +391 +392 +393 +394 +395 +396 +397 +398 +399 +400 -190 +401 +402 +403 +404 +405 +406 +407 -531 +409 +410 +411 +412 +413 +414 +551 +434 +435 +436 +437 +438 +439 +440 +441 +442 +443 +552 -470 -469 -468 -467 -466 -537 -494 -493 -492 -491 -490 -489 -488 -487 -486 -485 +553 -484 +554 +457 +458 +459 +460 +461 +462 +463 +464 -538 +495 +496 +497 +498 +499 +500 -445 -444 +471 +472 +473 +474 +475 +476 +477 +478 +479 +480 +481 +482 +483 +555 -456 -455 -454 -453 -452 -451 -450 -449 -448 -447 -446 +501 +502 +503 +504 +556 +505 +506 +507 +509 +510 +511 +512 +513 +514 +515 +516 +517 +589 +518 +519 +520 +521 +22 +23 +24 +539 +25 +26 +27 +28 +29 +30 +31 +32 +33 +34 +35 +36 +37 +38 +39 +41 +42 +43 +44 +45 +46 +47 +48 +49 +50 +201 +202 +203 +204 +205 +206 -195 +97 +98 +99 +47 +100 +101 +102 +102 +103 +104 +105 +106 +107 +108 +109 +110 +111 +590 -141 -140 -194 -193 -192 -191 -190 -189 -188 -187 -186 -185 -184 -183 -182 -181 -180 -179 -178 -177 -176 -556 +75 +76 +77 +78 +79 +80 +81 +82 +83 +84 +85 +86 +87 +88 +89 -542 +208 +209 +210 +211 +212 +213 +214 +215 +216 +217 +218 +219 +220 +221 -522 -152 -151 -150 -149 -541 -148 -147 -146 -145 -144 -143 -142 -167 -166 -165 -164 -119 -163 -162 -161 -160 -159 -158 -157 -156 -155 -154 +90 +91 +92 +93 +94 -139 -138 -137 -136 -135 -134 -133 -132 -131 +133 $
>NC_017157.1
-14 -13 -12 +591 -11 -10 -9 -8 -7 -6 -21 -20 -19 -18 -17 -16 -15 $
>NZ_CP006791.1
+13 +14 +15 +16 +17 +18 +19 +20 +21 +6 +7 +8 +9 +10 +11 +12 $
>NZ_CP064125.1
-134 -133 -132 -131 -130 -129 -128 -127 -126 +142 +143 +144 +145 +146 +147 +148 +149 +592 +150 +151 +152 +593 -95 -94 +140 +141 -111 -110 -109 -108 -107 -106 -105 -104 -103 -102 -102 -101 -100 -99 -98 -97 -89 -88 -87 -86 -85 -84 -83 -82 -81 -80 -79 +536 -78 -77 -76 -75 -74 -73 -72 -71 -70 -254 -68 -67 -66 -65 -64 -63 -62 -61 -60 -59 -58 -57 -56 -55 -54 -53 -52 -52 -52 +524 +525 -227 -226 -216 -216 -225 -224 -223 +594 -26 -25 -539 -24 -23 -22 -521 -520 -519 -518 -517 -516 -515 -514 -513 +595 -512 -511 -510 -509 -507 -506 -505 -504 -503 -502 -501 -500 -499 -498 -497 -496 -495 -494 -493 -492 -491 -490 -489 -488 -487 -485 -484 -483 -482 -481 -480 -479 -478 -477 -476 -475 -474 -473 -472 -471 +444 +445 +446 +447 +448 +449 +450 +451 +452 +453 +454 +455 +456 +457 +458 +459 +460 +461 +462 +463 +464 +465 +466 +467 +468 +469 +470 -552 -443 -442 -441 -440 -439 -438 -437 -436 -435 -434 -433 -432 -431 -430 -429 -428 -427 -426 -425 -424 -423 +216 -422 -421 -420 +596 +297 +298 +299 +300 +301 +302 +303 +304 +305 +306 +307 +308 +309 +310 +311 +312 +313 +232 +233 +236 +314 +315 +316 +317 +318 +319 +320 +321 +322 +323 +597 -414 -413 -412 -411 -410 -409 -407 -406 -405 -404 -403 -402 -401 -400 -399 -398 -397 -396 -395 -394 -393 -392 -391 -390 -389 -388 -387 -386 -385 -384 -383 -382 -381 -380 -379 -378 -377 -376 -375 -374 -373 -372 +598 -371 -535 +367 +368 +369 -534 -366 -365 -364 -363 -362 -361 -360 -359 -358 -357 -356 -355 -354 -353 -352 -351 -350 -349 -348 -347 -346 -345 -344 -533 -343 -342 -341 +599 -340 -339 -338 -337 -336 -335 -334 -333 -332 -331 -330 -329 -328 -327 -326 -325 +535 +416 +417 +418 +419 +69 -296 -295 -294 -293 -292 -291 -290 -289 -288 -287 -286 -285 -284 -283 -282 -279 -281 -280 -279 -278 -276 -275 -274 -273 -272 -271 +600 -267 -266 -265 -264 -263 -262 -261 -260 -259 -258 -257 -256 -255 -253 -252 -251 -250 -249 -124 -248 -247 -246 -245 -244 -243 -242 +594 -241 -240 -239 -238 -235 -237 -236 -235 -234 -233 -232 -231 -230 -229 -527 -199 -198 -198 -198 -197 -196 +28 +29 +30 +31 +32 +33 +34 +35 +36 +37 +38 +39 +41 +42 +43 +44 +45 +46 +47 +48 +49 +50 +201 +202 +203 +204 +205 +206 +207 +208 +209 +210 +211 +212 +213 +214 +215 +216 +217 +218 +219 +220 +221 +601 -194 -193 -192 -191 -190 -189 -188 -187 -186 -185 -184 -183 -182 -181 -180 -179 -178 -177 -176 -175 -174 -173 -172 -171 +602 -169 -168 +540 +113 +114 +115 +116 +117 +118 +119 +120 +121 +122 +123 +124 +125 -167 -166 -165 -164 -163 -162 -161 -160 -159 -158 -157 -156 -155 -154 +90 +91 +92 +93 +94 -139 -138 -137 -136 -135 $
>NZ_CP010246.1
-12 -11 +496 -10 -9 -8 -7 -6 -21 +603 -20 -19 -18 -17 -16 -15 -14 -13 $
>NC_017156.1
-4 -3 $
>NZ_CP045165.1
-4 -3 $
>NZ_CP045145.1
-134 -133 -132 -131 -130 -129 -128 -127 -126 -125 -124 -123 -122 -121 -120 -118 -117 -116 -115 -114 -113 -126 +142 +143 +144 +145 +146 +147 +148 +149 +150 +151 +152 +593 -95 -94 +140 +141 -111 -110 -109 -108 -107 -106 -105 -104 -103 -102 -102 -101 -100 -99 -98 -97 -601 -221 -220 -219 -218 -217 -216 -215 -214 -213 -212 -211 -210 -209 -208 -207 -206 -205 -204 -203 -202 -201 +559 -50 -49 -48 -47 -46 -45 -44 -43 -42 -41 -39 -38 -37 -36 -35 -34 -33 -32 -31 -30 -29 -28 -27 -26 -25 +604 -539 -24 -23 -22 -521 -520 -519 -518 -517 -516 -515 -514 -513 +595 -512 -511 -510 -509 -507 -506 -505 -504 -503 -502 -501 -500 +605 -499 -498 -497 -496 -495 -494 -493 -492 -472 -491 -490 -489 -488 -487 -486 -485 -484 -483 -482 -481 -480 -479 -478 -477 -476 -475 -474 -473 -472 -471 +444 +445 +446 +447 +448 +449 +450 +451 +452 +453 +454 +455 +456 +457 +458 +459 +460 +461 +462 +463 +464 +466 +467 +468 +469 +470 -552 -443 -442 -441 -440 -439 -438 -437 -436 -435 -434 -433 -432 -431 -430 -429 -428 -427 -426 -425 -424 -423 +216 -422 -421 -420 -419 -418 -417 -416 -415 -414 -413 -412 -411 -410 -409 +531 -407 -406 -405 -404 -403 -402 -401 -400 -399 -398 -397 -396 -395 -394 -393 -392 -391 -390 -389 -388 -387 -386 -385 -384 -383 -382 -381 -380 -379 -378 -377 -376 -375 -374 -373 -372 -371 -535 +367 +368 +369 -534 -366 -365 -364 -363 -362 -361 -360 -359 -358 -357 -356 -355 -354 -353 -352 -351 -350 -349 -347 -346 -345 -344 -533 -343 -342 -341 +40 -340 -339 -338 -337 -336 -335 -334 -333 -332 -331 -330 -329 -328 -327 -326 -325 -324 -323 -322 -321 -320 -319 -318 -317 -316 -315 -314 -236 -233 -232 -313 -312 -311 -310 -309 -308 -307 -306 -305 -304 -303 -302 -301 -300 -299 -298 -297 -296 -295 -294 -293 -292 -291 -290 -289 -288 -287 -286 -285 -284 -283 -282 -279 -281 -280 -279 -278 -277 -276 -275 -274 -273 -272 -271 -270 -269 -268 -267 +94 -265 -264 -263 -262 -261 -260 -259 -258 -257 +606 -256 -255 -254 -253 -252 -251 -250 -249 -124 -248 -247 -246 -245 -244 -243 -242 -241 -240 -239 -238 -235 -237 -236 -235 -234 -233 -232 -231 -230 -229 +607 -227 -226 -216 -216 -225 -224 -223 +526 +196 +538 -524 +52 +52 +52 +53 +54 +55 +56 +57 +58 +59 +60 +61 +62 +63 +64 +65 +66 +67 +68 +69 +70 +71 +72 +73 +74 +75 +76 +77 +78 +79 +80 +81 +82 +83 +84 +85 +86 +87 +88 +89 +608 -194 -193 -192 -191 -190 -189 -187 -186 -185 -184 -183 -182 -181 -180 -179 -178 -177 -176 -175 -174 -173 -172 -171 +94 -169 -168 -132 -167 -166 -165 -164 -163 -162 -161 -160 -159 -158 -157 -156 -155 -154 +90 +91 +92 +93 +94 -139 -138 -137 -136 -135 $
>NC_003134.1
-574 -573 -572 -571 +609 -570 -569 -568 -567 -566 -565 -564 -582 -581 -580 -579 -578 -465 +584 +585 +586 +587 $
>NZ_CP009991.1
+362 +363 +364 +365 +366 +534 -369 -368 -367 +535 +371 +372 +373 +374 +375 +610 -419 -418 -417 -416 -415 -414 -413 -412 -411 -410 -409 -408 -407 -406 -405 -404 -403 -402 -401 -400 -399 -398 -397 -396 -395 -394 -393 -392 -391 -390 -389 -388 -387 -386 -385 -384 -383 -382 -381 -380 +611 -378 -377 +420 +421 +422 -216 +423 +424 +425 +426 +427 +428 +429 +430 +431 +432 +433 +434 +435 +436 +437 +438 +439 +440 +441 +442 +443 -470 -469 -468 -467 -466 -465 -464 -463 -462 -461 -460 -459 -458 -457 -456 -455 -454 -453 -452 -451 -450 -449 -448 -447 -446 -445 -444 +471 +612 -280 -279 -278 -277 -276 -275 -274 -273 -272 -271 -270 -269 -268 -267 -266 -265 -264 -263 -262 -261 -260 -259 -258 -257 -256 -255 -254 -253 -252 -251 -250 -249 -124 -248 -247 -246 -245 -244 -243 -242 -241 -240 -239 -238 -235 -237 -236 -235 -234 -233 -232 -231 -230 -229 +607 -227 -226 -216 -216 -225 -224 -223 -222 -221 -220 -219 -218 -217 -216 -215 -214 -213 -212 -211 -210 -209 -208 +613 -206 -205 -204 -203 -202 -201 -200 -199 -198 -198 -198 -197 -196 -195 -194 -193 -192 -191 -190 -189 -187 -186 -185 -184 -183 -182 -181 -180 -179 -178 -177 -176 -175 -174 -173 -172 -171 +614 -169 -168 -132 -167 -166 -165 -164 -163 -162 -161 -160 -159 -158 -157 -156 -155 -154 -153 -152 -151 -150 -149 -148 -147 -146 -145 -144 -143 -142 +615 +616 -141 -140 +94 -139 -138 -137 -136 -135 -134 -133 -132 -131 -130 -129 -128 -127 -126 -125 -124 -123 -122 -121 -120 -118 -117 -116 -115 -114 -113 -112 -111 -109 -108 -107 -106 -105 -104 -103 -102 -102 -101 -100 -99 -98 -97 -96 +617 -94 -93 -92 -91 -90 -89 -88 -87 -86 -85 -84 -83 -82 -81 +67 +68 +69 +70 +71 +72 +73 +74 +75 +76 +77 +78 +79 +80 -66 -65 -64 -63 -62 -61 -60 -59 -58 -57 -56 -55 -54 -53 -52 -51 -50 -49 -48 -47 -46 -45 -44 -43 -42 -41 -39 -38 -37 -36 -35 -34 -33 -32 -31 -30 -29 -28 -26 -25 -24 -23 -22 -521 -520 -519 -610 -518 -517 -516 -515 -514 -513 -512 -511 -510 -509 -507 -506 -505 -504 -503 -502 -501 -500 -499 -498 -497 -496 -495 -494 -493 -492 -491 -490 -489 -488 -487 -486 -485 -484 -483 -482 -481 -480 -479 -478 -477 -476 -475 -474 -473 +618 +279 +282 +283 +284 +285 +286 +287 +288 +289 +290 +291 +292 +293 +294 +295 +296 +297 +298 +299 +300 +301 +302 +303 +304 +305 +306 +307 +308 +309 +310 +311 +312 +313 +232 +233 +236 +314 +315 +316 +317 +318 +319 +320 +321 +322 +323 +324 +325 +326 +328 +329 +330 +331 +332 +333 +334 +335 +336 +337 +338 +339 +340 +588 +349 +350 +351 +352 +353 +354 +355 +356 +357 +358 +359 +360 +361 $
>NC_014022.1
-574 -573 -572 -571 +609 -570 -569 -568 -567 -566 -565 -564 -587 -586 -585 -584 +465 +578 +579 +580 +581 +582 $
>NZ_CP045258.1
-134 -133 -132 -131 -130 -129 -128 -127 -126 -125 -124 -123 -122 -121 -120 -119 -118 -117 -116 -115 -114 -113 -540 +168 +169 -94 +171 +172 +173 +174 +175 +176 +177 +178 +179 +180 +181 +182 +183 +184 +185 +186 +187 +189 +190 +191 +192 +193 +194 -601 -221 -220 -219 -218 -217 -216 -215 -214 -213 -212 -211 -210 -209 -208 -207 -206 -205 -204 -203 -202 -201 +559 -50 -49 -48 -47 -46 -45 -44 -43 -42 -41 -39 -38 -37 -36 -35 -34 -33 -32 -31 -30 -29 -28 +196 +197 +198 +198 +198 +199 +229 +230 +231 +232 +233 +234 +235 +236 +237 +235 +238 +239 +240 +241 +619 +242 +243 +244 +245 +246 +247 +248 +124 +249 +250 +251 +252 +253 +254 +255 +256 +257 +258 +259 +260 +261 +262 +263 +264 +265 -94 +267 -600 +271 +272 +273 +274 +275 +276 +278 +279 +280 +279 +282 +283 +284 +285 +286 +287 +288 +289 +290 +291 +292 +293 +294 +295 +296 -69 -419 -418 -417 -416 -535 +325 +326 +327 +328 +329 +330 +331 +332 +333 +334 +335 +336 +337 +338 +339 +340 -40 +341 +342 +343 +533 +344 +345 +346 +347 +348 +349 +350 +351 +352 +353 +354 +355 +356 +357 +358 +359 +360 +361 +362 +363 +364 +365 +366 +534 -369 -368 -367 +535 +371 +373 +374 +375 +376 +377 +378 +379 +380 +381 +382 +383 +384 +385 +386 +387 +388 +389 +390 +391 +392 +393 +394 +395 +396 +397 +398 +399 +400 +401 +402 +403 +404 +405 +406 +407 -531 +409 +410 +411 +412 +413 +414 -597 -323 -322 -321 -320 -319 -318 -317 -316 -315 -314 -236 -233 -232 -313 -312 -311 -310 -309 -308 -307 -306 -305 -304 -303 -302 -301 -300 -299 -298 -297 -596 +420 +421 +422 -216 +423 +424 +425 +426 +427 +428 +429 +430 +431 +432 +433 +434 +435 +436 +437 +438 +439 +440 +441 +442 +443 +552 -470 -469 -468 -467 -466 -465 -464 -463 -462 -461 -460 -459 -458 -457 -456 -455 -454 -453 -452 -451 -450 -449 -448 -447 -446 -445 -444 +471 +472 +473 +474 +475 +476 +477 +478 +479 +480 +481 +482 +483 +484 +485 +486 +487 +488 +489 +490 +491 +492 +493 +494 +495 +496 +497 +498 +499 +500 +501 +502 +503 +504 +505 +506 +507 +509 +510 +511 +512 +513 +514 +515 +516 +517 +518 +519 +520 +521 +22 +23 +24 +539 +25 +26 +223 +224 +225 +216 +216 +226 +227 -525 -524 +52 +52 +52 +53 +54 +55 +56 +57 +58 +59 +60 +61 +62 +63 +64 +65 +66 +67 +68 +254 +70 +71 +72 +73 +74 +75 +76 +77 +78 -536 +79 +80 +81 +82 +83 +84 +85 +86 +87 +88 +89 +608 +97 +98 +99 +100 +101 +102 +102 +103 +104 +105 +106 +107 +108 +109 +110 +111 -141 -140 +94 +95 -593 -152 -151 -150 -592 -149 -148 -147 -146 -145 -144 -143 -142 -167 -166 -165 -164 -163 -162 -161 -160 -159 -158 -157 -156 -155 -154 +90 +91 +92 +93 +94 -139 -138 -137 -136 -135 $
>NZ_CP064120.1
-134 -133 -132 -131 -130 -129 -128 -127 -126 -125 -124 -123 -122 -121 -120 +620 -152 -151 -150 -149 -148 -147 -146 -145 -144 -143 -142 +126 +113 +114 +115 +116 +117 +118 +621 -95 -94 +140 +141 +622 -84 -83 -82 -81 -80 -79 -78 -77 -76 -75 -74 -73 -72 -71 -70 -69 -68 -67 -66 -65 -64 -63 -62 -61 -60 -59 -58 -57 -56 -55 -54 -53 -52 +126 -227 -226 -216 -216 -225 -224 -223 +526 +196 +197 +198 +198 +198 +199 +527 +229 +230 +231 +232 +233 +234 +235 +236 +237 +235 +238 +239 +240 +241 +242 +243 +244 +245 +246 +247 +248 +124 +249 +250 +251 +252 +253 +254 +255 +256 +257 +258 +259 +260 +261 +262 +263 +264 +265 +266 +267 +268 +269 +270 +271 +272 +273 +274 +275 +276 +282 +283 +284 +285 +286 +287 +288 +289 +290 +291 +292 +293 +294 +295 +296 +297 +298 +299 +300 +301 +302 +303 +304 +305 +306 +307 +308 +309 +310 +311 +312 +313 +232 +233 +236 +314 +315 +316 +317 +318 +319 +320 +321 +322 +323 +324 +325 +326 -479 -478 -477 -476 -475 -474 -473 -472 -471 +444 +445 +446 +447 +448 +449 +450 +451 +452 +453 +454 +455 +456 +457 +458 +459 +460 +461 +462 +463 +464 +466 +467 -468 +469 +470 -552 -443 -442 -441 -440 -439 -438 -437 -436 -435 -434 +324 +432 +623 -430 -429 -428 -427 -426 -425 -424 -423 +216 -422 -421 -420 -419 -418 -417 -416 -535 +352 +353 +354 +355 +356 +357 +358 +359 +360 +361 +362 +363 +364 +365 +366 +534 -369 -368 -367 +535 +371 +372 +373 +374 +375 -394 -393 -392 -391 -390 -389 -388 -387 -386 -385 -384 -383 -382 -381 -380 -379 -378 -377 +624 +395 +396 +397 +398 +399 +400 +401 +402 +404 +405 +406 +407 +408 +409 +410 +411 +412 +413 +414 +93 -350 -349 -588 -340 -339 -338 -337 -336 -335 -334 -333 -332 -331 -330 -329 -328 -69 +480 +481 +482 +483 +484 +485 +486 +487 +488 +489 +490 +491 +492 +493 +494 +495 +496 +497 +498 +499 +500 +501 +502 +503 +504 +505 +506 +507 +509 +510 +511 +625 +512 +513 +514 +515 +516 +517 +518 +519 +520 +521 +22 +23 +24 +539 +25 +26 +27 +28 +29 +30 +31 +32 +33 +34 +35 +36 +37 +38 +39 +41 +42 +43 +44 +45 +46 +47 +48 +49 +50 +201 +202 +203 +204 +205 +206 +207 +208 +209 +210 +211 +212 +213 +214 +215 +216 +217 +218 +219 +220 +221 +601 -194 -193 -192 -191 -190 -189 -266 -187 -186 -185 -184 -183 -182 -181 -180 -179 -178 -177 -176 -175 -174 -173 -172 -171 -188 -169 -168 -132 -167 -166 -165 -164 -163 +626 +627 -111 -110 -109 -108 -107 -106 -105 -104 -103 -102 -102 -101 -100 -99 -98 -97 +154 +155 +156 +157 +158 +159 +160 +161 +162 +628 +85 +86 +87 +88 +89 +90 +91 +92 +93 +94 -139 -138 -137 -136 -135 $
>NZ_CP064127.1
-134 -133 -126 +142 +143 +144 +145 +146 +147 +148 +149 +150 +151 +152 -95 -94 -601 -221 -220 -219 -218 -217 -216 -215 -214 -213 -212 -211 -210 -209 -208 +629 -206 -205 -204 -203 -202 -201 -559 +168 +169 -94 -25 -539 -24 +630 -23 -22 -521 -520 -519 -518 -517 -516 -515 -514 -513 -512 -511 -510 -509 -507 -506 -505 -504 -503 -502 -501 -500 -499 -498 -497 +591 -491 -490 -489 -488 -487 +631 +269 +535 +270 +271 +272 +273 +274 +275 +276 +277 +282 +632 +283 +284 +285 +286 +287 +288 +289 +290 +291 +292 +293 +294 +295 +296 +297 +298 +299 +300 +301 +302 +303 +304 +305 +306 +307 +308 -482 -481 -480 -479 -478 -477 -476 -475 -474 -473 +618 -471 +444 +445 +446 +447 +448 +449 +450 +451 +452 +453 +454 +455 +456 +457 +458 +459 +460 +461 +462 +463 +464 +372 +466 +467 +468 +469 +470 -443 -442 +633 -441 -440 -439 -438 -437 -436 -435 -434 -433 -432 -430 -429 -428 -427 -426 -425 -424 -423 +216 -422 -421 -420 -419 -418 -535 -417 -416 -415 -414 -413 -412 -411 -410 -409 +531 -407 -406 -405 -404 -403 +560 -402 -401 -400 +399 -398 -397 -396 -395 -394 -393 -392 -391 -390 -389 -388 -387 -386 -385 -384 -383 -382 -381 -380 -379 -378 -377 -375 +426 +373 +374 +597 -371 +367 +634 +368 +369 -366 -365 -364 -363 -362 -361 -360 -359 -358 -357 -356 -355 -354 -353 +635 -352 +636 -350 -349 +637 -347 -346 -345 -344 -533 -343 -342 +638 -341 +310 +311 +312 +313 +232 +233 +236 +314 +315 +316 +318 +319 +639 +320 +321 +322 +323 +324 +325 +328 +329 +330 +331 +332 +333 +334 +335 +336 +337 +338 +339 +340 -40 -309 +483 +484 +485 -267 +94 -265 -264 -263 -262 -261 -260 +254 +255 +640 +256 +257 +258 +259 +639 -253 -252 -251 -250 +351 -249 -124 -248 -247 -246 -245 -244 -243 -242 -241 -240 -239 -238 -235 -237 -236 -233 -232 -231 -230 -229 -525 -524 +52 +52 +52 +53 +54 +55 +56 +57 +58 +59 +60 +61 +62 +63 +64 +65 +66 +67 +68 +97 +98 +99 +100 +101 +102 +102 +103 +104 +105 +106 +107 +108 +109 +110 +111 -141 -140 +26 +28 +29 +30 +31 +32 +33 +34 +35 +36 +37 +38 +39 +41 +42 +43 -455 +44 +45 +46 -546 +70 +71 +72 +73 +74 +75 +76 +77 +78 +79 +80 +81 +82 +83 +84 +85 +86 +87 +88 +89 +641 -120 -118 -117 -116 -115 -114 -113 -126 -131 -130 -129 -128 -127 -540 -50 -49 -48 -189 -188 -187 -186 -184 -183 -182 -181 -180 -179 -178 -177 -176 -175 -174 -351 -173 -172 -171 -266 -194 -193 -192 -191 +642 +121 +122 +123 +124 +125 -167 -166 -165 -164 -163 -162 -161 -160 -159 -158 -157 -156 -155 -154 +90 +91 +92 +93 +94 -138 -137 -136 -135 $
>NZ_CP009842.1
+21 +6 +7 +8 +9 +10 +11 +12 +13 +14 +15 +16 +17 +18 +19 +20 $
>NZ_CP006790.1
+568 +569 +570 -609 +571 +572 +573 +574 +575 +576 +577 +578 +579 +580 +581 +582 +643 +583 +584 +585 +586 +587 +564 +565 +566 +567 $
>NZ_CP009785.1
+244 +245 +246 +247 +248 +124 +249 +250 +251 +252 +253 +254 +255 +256 +257 +223 +224 +225 +216 +226 +227 -525 -524 +52 +52 +52 +53 +54 +55 +56 +57 +58 +59 -543 +60 +61 +62 +63 +64 +65 +66 +67 +68 +69 +70 +71 +72 +73 +74 -523 +75 +76 +77 +78 +79 +80 +81 +82 +83 +84 +85 +86 +87 +88 +89 -542 +208 +209 +210 +211 +212 +213 +214 +215 +216 +217 +218 +219 +220 +221 -152 -151 -150 -149 -148 -147 +644 -146 -145 -144 -143 -142 -167 -166 -165 -164 -119 -163 -162 -161 -160 -159 -158 -157 -156 -155 -154 +90 +91 +92 +93 +94 -139 -138 -137 -136 -135 -134 -133 +645 -132 -131 -130 -129 -128 -127 -126 -125 -124 -123 -122 -121 -120 -119 -118 -117 -116 -115 -114 -113 +563 +168 +169 +139 +170 +171 +172 +173 +174 +175 +176 +177 +178 +179 +180 +181 +182 +183 +184 +185 +186 +187 +188 +189 +190 +191 +192 +193 +194 +140 +141 -111 -110 -109 -108 -107 -106 -105 -104 -103 -102 -102 -101 -100 -99 -98 -97 +195 -206 -205 -204 -203 -202 -201 +559 -50 -49 -48 -46 -45 -44 -43 -42 -41 -39 -38 -37 -36 -35 -34 -33 -32 -31 -30 -29 -28 -26 -25 -24 -23 -22 -521 -520 -519 -518 -557 -517 -516 -515 -514 -513 -512 -511 -510 -509 -507 -506 -505 -504 -503 -502 -501 +446 +447 +448 +449 +450 -603 +451 +452 +453 +454 +455 +456 -555 -483 -482 -481 -480 -479 -478 -477 -476 -475 -474 -473 -471 +444 +445 -500 -499 -498 -497 -496 -495 -464 -463 -462 -461 -460 -459 -458 -457 +484 -553 +485 +487 +488 +489 +490 +491 +492 +493 +494 +537 +466 +467 +468 +469 +470 -443 -442 -441 -440 -439 -438 -437 -436 -435 -434 -551 -414 -413 -412 -411 -410 -409 +531 -407 -406 -405 -404 -403 -402 -401 -400 -399 -398 -397 -396 -395 -394 -393 -392 -391 -390 -550 -549 -549 -389 -388 -387 -386 -385 -384 -383 -382 -381 -380 -379 -378 -377 -376 -375 -374 -373 -372 -371 -535 +367 +368 +369 -534 -366 -365 -363 -362 -361 -360 -359 -358 -357 -356 -355 -548 -354 -353 -352 -351 -350 -349 -347 -346 -345 -344 -533 -343 -342 -341 +40 -340 -339 -338 -337 -336 -335 -334 -333 -332 -331 -330 -329 -328 -327 -532 +416 +417 +418 +419 +420 +421 +422 -216 +423 +424 +425 -547 +426 +427 +428 +429 +430 +431 +432 -325 -324 -323 -322 -321 -320 -319 -318 -317 -316 -315 -314 -236 -233 -232 -313 -312 -311 +646 -309 -308 -307 -306 -305 -304 -303 -302 -301 -300 -299 -298 -545 -297 -296 -295 -294 -293 -292 -291 -290 -289 -288 -287 -286 -285 -284 -283 -282 -277 -276 -275 -529 -274 -273 -272 -271 -270 -269 -268 -267 -266 -265 -264 -263 -262 -261 -260 -259 -258 +196 +197 +198 +198 +198 +199 +527 +229 +230 +231 +232 +233 +234 +235 +236 +237 +235 +238 +239 +240 +241 -544 +242 +243 $
>NC_017168.1
+230 +231 +232 +233 +234 +235 +236 +237 +235 +238 +239 +240 +241 -544 +242 +243 +244 +245 +246 +247 +248 +124 +249 +250 +251 +252 +253 +254 +255 +256 +257 -526 +223 +224 +225 +216 +226 +227 -525 -524 +52 +52 +52 +53 +54 +55 +56 +57 +58 +59 -543 +60 +61 +62 +63 +64 +65 +66 +67 +68 +69 +70 +71 +72 +73 +74 -523 +75 +76 +77 +78 +79 +80 +81 +82 +83 +84 +85 +86 +87 +88 +89 -542 +208 +209 +210 +211 +212 +213 +214 +215 +216 +217 +218 +219 +220 +221 -522 -152 -151 -150 -149 -148 -147 -146 -153 -145 -144 -143 -142 -167 -166 -165 -164 -119 -163 -162 -161 -160 -159 -158 -157 -156 -155 -154 +90 +91 +92 +93 +94 -139 -138 -137 -136 -135 -134 -133 -132 -131 -130 -129 -128 -127 -126 -125 -124 -123 -122 -121 -120 -118 -117 -116 -115 -114 -113 +563 +168 +169 +139 +170 +171 +172 +173 +174 +175 +176 +647 +177 +178 +179 +180 +181 +182 +183 +184 +185 +186 +187 +188 +189 +190 +191 +192 +193 +194 +140 +141 -111 -110 -109 -108 -107 -106 -105 -104 -103 -102 -102 -101 -100 -47 -99 -98 -97 -206 -205 -204 -203 -202 -201 +559 -50 -49 -48 -47 -46 -45 -44 -43 -42 -41 -39 -38 -37 -36 -35 -34 -33 -32 +648 -31 -30 -29 -28 -27 -26 -25 -539 -24 -23 -22 -521 -520 -519 -518 -557 -517 -516 -515 -514 -513 -512 -511 -510 -509 -507 -506 -505 -556 -504 -503 -502 -501 +446 +447 +448 +449 +450 +451 +452 +453 +454 +455 +456 +649 +499 +500 -445 -444 +471 +472 +473 +474 +475 +476 +477 +478 +479 +480 +481 +482 +483 -498 -497 -496 -495 +538 -464 -463 -462 -461 -460 -459 -458 -457 -554 +484 -553 +485 +486 +487 +488 +489 +490 +491 +492 +493 +494 +537 +466 +467 +468 +469 +470 -552 -443 -442 -441 -440 -439 -438 -437 -436 -435 -434 -551 -414 -413 -412 -411 -410 -409 +531 -407 -406 -405 -404 -403 -402 -401 +190 -400 -399 -398 -397 -396 -395 -394 -393 -392 -391 -390 -550 -549 -389 -388 -387 -386 -385 -384 -383 -382 -381 -380 -379 -378 -377 -376 -375 -374 -373 -372 -371 -535 +367 +368 +369 -534 -366 -365 -364 -363 -362 -361 -360 -359 -358 -357 -356 -355 -548 -354 -353 -352 -351 -350 -349 -588 -340 -339 -338 -337 -336 -335 -334 -333 -332 -331 -330 -329 -328 -327 -532 +416 +417 +418 +419 +420 +421 +422 -216 +423 +424 +425 -547 +426 +427 +428 +429 +430 +431 +432 -325 -324 -323 -322 -546 -321 -320 -319 -318 -317 -316 -315 -314 -236 -233 -232 -313 -312 -311 +298 +299 +300 +301 +302 +303 +304 +305 +306 +307 +308 +309 +269 +270 +271 +272 +273 +274 +529 +275 +276 +277 +282 +283 +284 +285 +286 +287 +288 +289 +290 +291 +292 +293 +294 +295 +296 +297 +650 -267 +94 -265 -264 -263 -262 -261 -260 -259 -258 -528 +196 +197 +198 +198 +198 +199 +527 +229 $
>NZ_CP010247.1
+498 +499 +500 +501 +502 +503 +504 +505 +506 +507 +509 +510 +511 +512 +513 +514 +515 +516 +517 +518 +519 +520 +521 +22 +23 -630 +24 +539 +25 +94 -169 -168 +559 +201 +202 +203 +204 +205 +206 +651 -189 -188 -187 -186 -184 -183 -182 -181 -180 -179 -178 -177 -176 -175 -174 -173 -172 -171 -194 -193 -192 -191 +642 +121 +122 +123 +124 +125 -167 -166 -165 -164 -163 -162 -161 -160 -159 -158 -157 -156 -155 -154 +90 +91 +92 +93 +94 -138 -137 -136 -135 -134 -133 -126 -131 -130 -129 -128 +560 -127 -126 +142 +143 +144 +145 +146 +147 +148 +149 +150 +151 +152 -95 -94 -601 -221 -220 -219 -218 -217 -216 -215 -214 -213 -212 -211 -210 -209 -208 +629 -120 -118 -117 -116 -115 -114 -113 -540 -50 -49 -48 -89 -88 -87 -86 -85 -84 -83 -82 -81 -80 -79 -78 -77 -76 -75 -74 -73 -415 -72 -71 -70 +546 -46 -45 -44 -43 -42 -41 -39 -38 -37 -36 -35 -34 -33 -32 -31 -30 -29 +652 -28 -26 +140 +141 -111 -110 -109 -108 -107 -106 -105 -104 -103 -102 -102 -101 -100 -99 -98 -97 -68 -67 -66 -65 -64 -63 -62 -61 +195 -60 -59 -58 -57 -56 -55 -54 -53 -52 -52 -52 -52 +524 +525 +229 +230 +231 +232 +233 +236 +237 +235 +238 +239 +240 +241 +242 +243 +244 +245 +246 +247 +248 +124 +249 +250 +251 +252 +253 +254 +255 +640 +256 +257 +258 +259 +639 +260 +261 +262 +263 +264 +265 -94 +267 -485 -484 -483 +309 +310 +311 +312 +313 +232 +233 +236 +314 +315 +316 +318 +319 +320 +321 +322 +323 +324 +325 +328 +329 +330 +331 +332 +333 +334 +335 +336 +337 +338 +339 +340 -40 +341 -638 +342 +343 +533 +344 +345 +346 +347 -637 +349 +350 -636 +352 -635 +353 +354 +355 +356 +357 +358 +359 +360 +361 +362 +363 +364 +365 +366 -369 -368 -634 -367 +371 +373 +374 +534 +375 +377 +378 +379 +380 +381 +382 +383 +384 +385 +386 +387 +388 +389 +390 +391 +392 +393 +394 +395 +396 +397 +398 -526 +399 +400 +401 +402 +403 +404 +405 +406 +407 -531 +409 +410 +411 +412 +413 +414 +415 +416 +417 +418 +419 +420 +421 +422 -216 +423 +424 +425 +426 +427 +428 +429 +430 +432 +433 +434 +435 +436 +437 +438 +653 +439 +440 +441 +442 +443 -470 -469 -468 -467 -466 -464 -463 -462 -461 -460 -459 -458 -457 -456 -455 -454 -453 -452 -451 -450 -449 -448 -447 -446 -445 -444 +471 -618 +473 +474 +475 +476 +477 +478 +479 +480 +481 +482 -308 -307 -306 -305 -304 -303 -302 -301 -300 -299 -298 -297 -296 -295 -294 -293 -292 -291 -290 -289 -288 -287 -286 -285 -284 -283 -632 -282 -277 -276 -275 -274 -273 -272 -271 -270 -269 -631 +487 +488 +489 +490 +491 +492 +493 +494 +495 +605 +497 $
>NC_005810.1
+137 +138 +139 +170 -93 -92 -91 -90 +154 +155 +156 +157 +158 +159 +160 +161 +162 +163 +164 +165 +166 +167 +142 +143 +144 +145 +146 +147 +148 +149 +150 +151 +152 +194 +266 +195 -46 -45 -44 -43 -42 -41 -39 -38 -37 -36 -35 -34 -33 -32 -31 -30 -29 -28 +654 -221 -220 -603 -219 -218 -217 -216 -215 -214 -213 -212 -211 -210 -209 -208 -206 +619 -205 -204 -203 -202 -201 +559 -50 -49 -48 -47 -26 -25 -539 -24 -23 -22 -521 -520 -519 -518 -517 -516 -515 -514 -513 -512 -511 -510 -509 -507 -506 -505 -504 -503 -502 -501 -500 -499 -649 +311 -288 -287 -286 -285 -284 -283 -282 -279 -281 -280 -279 -278 -277 -276 -275 -274 -273 -272 -271 -270 -269 -631 +487 +488 +489 +490 +491 +492 +493 +494 +495 +496 +497 +498 -40 -309 -308 -307 -306 -305 -304 -303 -302 -301 -300 -299 -298 -297 -296 -295 -294 -293 -292 -291 -290 -289 +312 -631 +313 +232 +233 +236 +314 +315 +316 -326 +318 +319 +320 +321 +322 +323 +325 +328 +329 +330 +331 -340 -339 -338 -337 -336 -335 -334 -333 -332 -310 +341 +342 +343 +533 +344 +345 -638 +346 +347 +349 +655 -419 -418 -417 -416 -370 -425 -424 -423 +656 +216 -422 -421 -530 -420 +657 +350 +351 +352 +353 +354 +355 +356 +357 +358 +359 +360 +361 +362 +363 +364 +365 +415 +371 +373 +374 +375 +377 +378 +379 +380 +381 +382 +383 +384 +385 +386 +387 +388 +389 +390 +391 +392 +393 -544 +394 +395 +396 +397 +398 +399 +400 +401 +402 +403 +404 +405 +406 +407 -531 +409 +410 +411 +412 +413 +414 +427 +428 +429 +430 +432 +433 +434 +435 +436 +437 +438 +439 +441 +442 +443 -470 -469 -468 -467 -466 -464 -463 -462 -461 -460 +370 -459 -458 -457 -485 -484 -483 +658 -482 -481 -480 -479 -478 -477 +632 -454 -453 -452 -451 -450 -449 -448 -447 -446 -445 -444 +471 +659 +473 +474 +475 +476 +455 +456 -267 -266 -265 -264 -263 -262 -261 -260 -259 +660 +255 +661 +256 +257 +258 -543 -68 -67 -66 -65 -64 -63 -62 -61 -60 -59 -605 -58 -57 -56 -55 -54 -53 -52 +524 -141 -140 -194 -193 -192 -191 +200 +168 +169 -188 +171 +172 +173 +174 +175 +176 +177 +178 +179 +180 +181 +182 +183 +184 +185 +186 +187 -266 +189 +662 +113 +114 +115 +116 +117 +118 +120 +121 +122 +123 +124 +125 +615 -199 -198 -198 -198 -197 -196 +223 +224 +225 +216 +216 +226 +227 +229 +230 +231 +232 +233 +234 +235 +236 +237 +235 +238 -560 +239 +240 +241 +242 +243 -541 -253 -252 -251 -250 -249 -124 -248 -247 -246 -245 -244 +70 +71 -73 -72 +74 +75 +76 +77 +78 +79 +80 +81 +82 +83 +84 +85 +86 +87 +88 +89 +608 +97 +98 +99 +100 +101 +102 +102 +103 +104 +105 +106 +107 +108 +109 +110 +111 +112 +127 +128 +129 +130 +131 +132 +133 +134 +135 +136 $
>NZ_CP009782.1
-4 -3 $
>NC_017160.1
+137 +138 +663 -93 -92 -91 -90 +154 +155 +156 +157 +158 +159 +160 +161 +162 +163 +164 +165 +166 +167 +142 +143 +144 +145 +146 +147 +148 +149 +150 +151 +152 -221 -220 -219 -218 -217 -216 -215 -214 -213 -212 -211 -210 -209 -208 +542 -89 -88 -87 -86 -85 -84 -83 -82 -81 -80 -79 -78 -77 -76 -75 +523 -74 -73 -72 -71 -70 -69 -68 -67 -66 -65 -64 -63 -62 -61 -60 -59 -58 -57 -56 -55 -54 -53 -52 -52 -52 +524 +525 -227 -226 -216 -216 -225 -224 -223 +526 +196 +197 +198 +198 +198 +199 +527 +229 +230 +231 +232 +233 +234 +235 +238 +239 +240 +241 +242 +243 +244 +245 +246 +247 +248 +124 +249 +250 +251 +252 +253 +254 +255 +256 +257 +408 -309 -308 -307 -306 -305 -304 -303 -302 -301 -300 -299 -298 -297 -296 -295 -294 -293 -292 -291 -290 -289 -288 -287 -286 -285 -284 -283 -282 -277 -276 -275 -529 -274 -273 -272 -271 -270 -269 +258 +259 +260 +261 +262 +263 +264 +265 -94 +267 +664 +311 +312 +313 +232 +233 +236 +237 +235 +236 +314 +315 +316 +380 +381 +382 +383 +384 +385 +386 +387 +388 +389 +390 +391 +392 +393 +394 +395 +396 +397 +398 -647 +399 +400 +401 +402 +403 +404 +405 +406 +407 -531 +409 +410 +411 +412 +413 +414 -530 -325 -324 -323 -322 -321 -320 -319 -318 -636 -378 -377 -376 -375 -374 -373 -372 -371 -535 +367 +368 +369 -534 -366 -365 -364 -363 -362 -361 -360 -359 -358 -357 -356 -355 -354 -353 -352 -351 -350 -349 -348 -347 -346 -345 -344 -533 -343 -342 -341 -340 -339 -338 -337 -336 -335 -334 -333 -332 -331 -330 -329 -328 -327 -532 +416 +417 +418 +419 +420 +421 +422 -216 +423 +424 +425 +426 +427 +428 +429 +430 +537 +466 +467 +468 +469 +470 -552 -443 -442 -441 -440 -439 -438 -437 -436 -435 -434 -433 -432 -431 -494 -493 -492 -491 -490 -489 -488 -487 -486 -485 -484 +665 -483 -482 -481 -480 -479 -478 -477 -476 -475 -474 -473 -472 -471 +444 +445 -500 -499 -498 -497 -496 -495 +538 -464 -463 -462 -461 -460 -459 -458 -457 -456 -455 -454 -453 -452 -451 -450 -449 -448 -447 -446 +501 +502 +503 +504 +505 +506 +507 +509 +510 +511 +512 +513 +514 -546 +515 +516 +517 +518 +519 +520 +521 +22 +23 +24 +539 +25 +26 +27 +28 +29 +30 +31 +32 +33 +34 +35 +36 +37 +38 +39 +41 +42 +43 +44 +45 +46 +47 +48 +49 +50 +201 +202 +203 +204 +205 +206 -195 +97 +98 +99 +100 +101 +102 +102 +103 +104 +105 +106 +107 +108 +109 +110 +111 -141 -140 -266 +95 -193 -192 -191 -190 -189 -187 -186 -185 -184 -183 -182 -181 -180 -179 -178 -177 -176 -175 -174 -173 -172 -171 -663 -169 -168 +540 +113 +114 +115 +116 +117 +118 +120 +121 +122 +123 +124 +125 +126 +127 +128 +129 +130 +131 +132 +133 +134 +135 +136 $
>NZ_CP019708.1
-550 -549 -389 -388 -387 -386 -385 -384 -383 -382 -381 -380 -379 -378 -377 -376 -375 -374 -373 -372 -371 -535 +367 +368 +369 -534 -366 -365 -364 -363 -362 -361 -360 -359 -358 -357 -356 -355 +666 -354 -353 -352 -351 -350 -349 -348 -347 -346 -345 -344 -533 -343 -342 -341 -340 -339 -338 -337 -336 -335 -334 -333 -332 -331 -330 -329 -328 -327 -532 +416 +417 +418 +419 +420 +421 +422 -216 +423 +424 +425 +426 +427 +428 +429 +430 +431 +432 -325 -324 -323 -322 -321 -320 -319 -318 -317 -316 -315 -314 -236 -233 -232 -313 -312 -311 -310 -309 -308 -307 -306 -305 -304 -303 -302 -301 -300 -299 -298 -545 -297 -296 -295 -294 -293 -292 -291 -290 -289 -288 -287 -286 -285 -284 -283 -282 -277 -276 -275 -274 -273 -272 -271 -270 -269 -268 -267 -266 -265 -264 -263 -262 -261 -260 -259 -258 +667 -74 -73 -72 -71 -70 -69 -68 -67 -66 -65 -63 -62 -61 -60 -59 -58 -57 -56 -55 -54 -53 -52 -52 -52 +524 +525 -227 -226 -216 -216 -225 -224 -223 -257 -256 -255 -254 -253 -252 -251 -250 -249 -124 -248 -247 -246 -245 -244 -243 -242 -241 -240 -239 -238 -235 -237 -236 -235 -234 -233 -232 -231 -230 -229 -527 -199 -198 -198 -198 -197 -196 +75 +76 +77 +78 +79 +80 +81 +82 +83 +84 +85 +86 +87 +88 +89 -542 +208 +209 +210 +211 +212 +213 +214 +215 +216 +217 +218 +219 +220 +221 -522 -152 -151 -150 -149 -148 -147 -146 -145 -144 -143 -142 -167 -166 -165 -164 -163 -162 -161 -160 -159 -158 -157 -156 -155 -154 +90 +91 +92 +93 +94 -139 -138 -137 -136 -135 -134 -133 -126 -131 -130 -129 -128 -127 -125 -124 -123 -122 -121 -120 -119 -118 -117 -116 -115 -114 -113 +563 +168 +169 +170 +171 +172 +173 +174 +175 +176 +177 +178 +179 +180 +181 +182 +183 +184 +185 +186 +187 +188 +189 +190 +191 +192 +193 +194 +140 +141 -111 -110 -109 -108 -107 -106 -105 -104 -103 -102 -102 -101 -100 -99 -98 -97 +195 -206 -205 -204 -203 -202 -201 +559 -50 -49 -48 -47 -46 -45 -44 -43 -42 -41 -39 -38 -37 -36 -35 -34 -33 -32 -31 -30 -29 -28 -26 -25 -24 -23 -22 -521 -520 -519 -518 -517 -516 -515 -514 -513 -512 -511 -510 -509 -507 -506 -505 -504 -503 -502 -501 +446 +447 +448 +449 +450 +451 +452 +453 +454 +455 +456 -483 -482 -481 -480 -479 -478 -477 -476 -475 -474 -473 -471 +444 +445 -500 -499 +599 -498 -497 -496 -495 +538 -464 -463 -462 -461 -460 -459 -458 -457 +484 +560 -494 -493 -492 -491 -490 -489 -488 -487 -486 -485 +466 +467 +468 +469 +470 -552 -443 -442 -441 -440 -439 -438 -437 -436 -435 -434 -551 -414 -413 -412 -411 -410 -409 +667 -407 -406 -405 -404 -403 -402 -401 +190 -400 -399 -398 -397 -396 -395 -394 -393 -392 -391 -390 -550 -549 $
>NZ_CP064117.1
-134 -133 -132 -131 -130 -129 -128 -127 -126 -125 -124 -123 -122 -121 -120 +620 -152 -151 -150 -149 -148 -147 -146 -145 -144 -143 -142 +126 +113 +114 +115 +116 +117 +118 +621 -95 -94 +140 +141 +622 -84 -83 -82 -81 -80 -79 -78 -77 -76 -75 -74 -73 -72 -71 -70 -69 -68 -67 -66 -65 -64 -63 -62 -61 -60 -59 -58 -57 -56 -55 -54 -53 -52 +126 -227 -226 -216 -216 -225 -224 -223 +526 +196 +197 +198 +198 +198 +199 +527 +229 +230 +231 +232 +233 +234 +235 +236 +237 +235 +238 +239 +240 +241 +242 +243 +244 +245 +246 +247 +248 +124 +249 +250 +251 +252 +253 +254 +255 +256 +257 +258 +259 +260 +261 +262 +263 +264 +265 +266 +267 +268 +269 +270 +271 +272 +273 +274 +275 +276 +282 +283 +284 +285 +286 +287 +288 +289 +290 +291 +292 +293 +294 +295 +296 +297 +298 +299 +300 +301 +302 +303 +304 +305 +306 +307 +308 +309 +310 +311 +312 +313 +232 +233 +236 +314 +315 +316 +317 +318 +319 +320 +321 +322 +323 +324 +325 +326 +327 +328 +329 +330 +331 +332 +333 +334 +335 +336 +337 +338 +339 +340 -40 +341 +342 +343 +533 +344 +345 +346 +347 +348 +349 +350 +351 +352 +353 +354 +355 +356 +357 +358 +359 +360 +361 +362 +363 +364 +365 +366 +534 -369 -368 -367 +535 +371 +372 +373 +374 +375 -394 -393 -392 -391 -390 -389 -388 -387 -386 -385 -384 -383 -382 -381 -380 -379 -378 -377 +624 +395 +396 +397 +398 +399 +400 +401 +402 +404 +405 +406 +407 +408 +409 +410 +411 +412 +413 +414 +415 +416 +417 +418 +419 +420 +421 +422 -216 +423 +424 +425 +426 +427 +428 +429 +430 -623 -432 -324 +434 +435 +436 +437 +438 +439 +440 +441 +442 +443 +552 -470 -469 +468 -467 -466 -465 -464 -463 -462 -461 -460 -459 -458 -457 -456 -455 -454 -453 -452 -451 -450 -449 -448 -447 -446 -445 -444 +471 +472 +473 +474 +475 +476 +477 +478 +479 +668 +480 +481 +482 +483 +484 +485 +486 +487 +488 +489 +490 +491 +492 +493 +494 +495 +496 +497 +498 +499 +500 +501 +502 +503 +504 +505 +506 +507 +509 +510 +511 +625 +512 +513 +514 +515 +516 +517 +518 +519 +520 +521 +22 +23 +24 +539 +25 +26 +27 +28 +29 +30 +31 +32 +33 +34 +35 +36 +37 +38 +39 +41 +42 +43 +44 +45 +46 +47 +48 +49 +50 +201 +202 +203 +204 +205 +206 +207 +208 +209 +210 +211 +212 +213 +214 +215 +216 +217 +218 +219 +220 +221 +601 -194 -193 -192 -191 -190 -189 -266 -187 -186 -185 -184 -183 -182 -181 -180 -179 -178 -177 -176 -175 -174 -173 -172 -171 -188 -169 -168 -132 -167 -166 -165 -164 -163 +626 +627 -111 -110 -109 -108 -107 -106 -105 -104 -103 -102 -102 -101 -100 -99 -98 -97 +154 +155 +156 +157 +158 +159 +160 +161 +162 +628 +85 +86 +87 +88 +89 +90 +91 +92 +93 +94 -139 -138 -137 -136 -135 $
>NZ_CP019711.1
-4 -3 $
>NZ_CP033692.1
+568 +569 +570 -609 +571 +572 +573 +574 +575 +576 +578 +579 +580 +581 +582 +643 +583 +584 +585 +586 +587 +564 +565 +566 +567 $
>NC_017264.1
-4 -3 $
>NZ_CP009990.1
-13 -12 -11 -10 -9 -8 -7 -6 -21 -20 -19 -18 -17 -16 -15 -14 $
>NZ_CP006792.1
-492 -491 -490 -489 -488 -487 -485 -484 -483 -482 -481 -480 -479 -478 -477 -476 -475 -474 -473 -472 -471 +444 +445 +446 +447 +448 +449 +450 +451 +452 +453 +454 +455 +456 +457 +458 +459 +460 +461 +462 +463 +464 +466 +467 -468 +469 +470 -552 -443 -442 -441 -440 -439 -438 -437 -436 -435 -434 +432 +623 -430 -429 -428 -427 -426 -425 -424 -423 +216 -422 -421 -420 -419 -418 -417 -416 -415 -414 -413 -412 -411 -410 -409 -407 -406 -405 -404 -402 -401 -400 -399 -398 -397 -396 -395 +377 +378 +379 +380 +381 +382 +383 +384 +385 +386 +387 +388 +389 +390 +391 +392 +393 +394 -375 -374 -373 -371 +367 +368 +369 -534 -366 -365 -363 -362 -361 -360 -359 -358 -357 -356 -355 -354 -353 -352 -351 -350 -349 -340 -339 -338 -337 -336 -335 -334 -333 -332 -331 -330 -329 -328 +669 -326 -325 -324 -323 -322 -321 -320 -319 -318 -317 -316 -315 -314 -236 -233 -232 -313 -312 -311 -310 -309 -308 -307 -306 -305 -304 -303 -302 -301 -300 -299 -298 -297 -296 -295 -294 -293 -292 -291 -290 -289 -288 -287 -286 -285 -284 -283 -282 -276 -275 -274 -273 -272 -271 -270 -269 -268 -267 -266 -265 -264 -263 -262 -261 -260 -259 -258 -257 -256 -255 +670 +196 +197 +198 +198 +198 +199 +527 +229 +230 +231 +232 +233 +234 +235 +236 +237 +235 +238 +239 +240 +241 +242 +243 +244 +245 +246 +247 +248 +124 +249 +250 +251 +252 +253 +671 +223 +224 +225 +216 +216 +226 +227 -126 +52 +53 +54 +55 +56 +57 +58 +59 +60 +61 +62 +63 +64 +65 +66 +67 +68 +69 +70 +71 +72 +73 -81 -80 -79 -78 -77 -76 -75 -74 +82 +83 +84 +85 +86 +87 +88 +89 +90 +91 +92 +93 -194 -193 -192 -191 -190 -189 -266 -187 -186 -184 -183 -182 -181 -180 -179 -178 -177 -176 -175 -174 -173 -172 -171 -188 -169 -168 -132 -167 -166 -165 -164 -163 -162 -161 -160 -159 -158 -157 -156 -155 -154 +97 +98 +99 +100 +101 +102 +102 +103 +104 +105 +106 +107 +108 +109 +110 +111 -627 -141 -140 -139 -138 -137 -136 -135 -134 -133 -132 -131 -130 -129 -128 -127 -126 -125 -124 -123 -122 -121 -120 +620 -152 -151 -150 -149 -148 -147 -146 -145 -144 -143 -142 +126 +113 +114 +115 +116 +117 +118 +606 -221 -220 -219 -218 -217 -216 -215 -214 -213 -212 -211 -210 -209 -208 -207 -206 -205 -204 -203 -202 -201 +559 -50 -49 -48 -47 -46 -45 -44 -43 -42 -41 -39 -38 -37 -36 -35 -34 -33 -32 -31 -30 -29 -28 -27 -26 +266 -25 +672 -24 -23 -22 -521 -520 -519 -518 -517 -516 -515 -514 -513 -512 -511 -510 -509 -507 -506 -505 -504 -503 -502 -501 -500 -499 -498 -497 -496 -495 -494 -493 $
>NZ_CP006746.1
+673 -431 +674 +578 +579 +580 +581 +582 +675 -574 -573 -572 -571 +609 +676 +677 -570 -569 -568 -567 -566 -565 -564 -587 -586 -585 -584 -583 +575 +576 +678 $
>NZ_CP009701.1
+3 +4 $
>NC_014029.1
+137 +138 +139 -94 -93 -92 -91 -90 +154 +155 +156 +157 +158 +159 +160 +161 +162 +163 +164 +165 +166 +167 +142 +143 +144 +145 +146 +147 +148 +149 +150 +151 +152 +522 -221 -220 -219 -218 -217 -216 -215 -214 -213 -212 -211 -210 -209 -208 +542 -89 -88 -87 -86 -85 -84 -83 -82 -81 -80 -79 -78 -77 -76 -75 +523 -74 -73 -72 -71 -70 -69 -68 -67 -66 -65 -64 -63 -62 -61 -60 -59 -58 -57 -56 -55 -54 -53 -52 -52 -52 +524 +679 -199 -198 -198 -198 -197 -196 -526 +223 +224 +225 +216 +216 +226 +227 +228 +229 +230 +231 +232 +233 +236 +237 +235 +238 +239 +240 +241 +242 +243 +244 +245 +246 +247 +248 +124 +249 +250 +251 +252 +253 +254 +255 +256 +257 +528 +258 +259 +260 +261 +262 +263 +264 +265 -94 +267 +268 +269 +270 +271 +272 +273 +274 +529 +275 +276 +277 +278 +279 +280 +281 +279 +282 +283 +284 +285 +286 +287 +288 +289 +290 +291 +292 +293 +294 +295 +296 +297 +298 +299 +300 +301 +302 +303 +304 +305 +306 +307 +308 +309 +310 +311 +312 +313 +232 +233 +234 +235 +236 +314 +315 +316 +317 +318 +319 +320 +321 +322 +323 +324 +325 +530 -414 -413 -412 -411 -410 -409 +531 -407 -406 -405 -404 -403 -402 -401 -400 -399 -398 -397 -396 -395 -394 -393 -392 -390 -389 -388 -387 -386 -385 -384 -383 -382 -381 -380 -379 -378 -377 -376 -375 -374 -373 -372 -371 -535 +367 +368 +369 -534 -366 -365 -364 -363 -362 -361 -360 -359 -358 -357 -356 -355 -354 -353 -352 -351 -350 -349 -588 -340 -339 -338 -337 -336 -335 -334 -333 -332 -331 -330 -329 -328 -327 -532 +416 +417 +418 +419 +420 +421 +422 -216 +423 +424 +425 +426 +427 +428 +429 +430 +431 +432 +433 +434 +435 +436 +437 +438 +439 +440 +441 +442 +443 -118 -117 -116 -115 -114 -113 +563 -470 -469 -468 -467 -466 -537 -494 -493 -492 -491 -490 -489 -488 -487 -486 -485 -484 +665 -483 -482 -481 -480 -479 -478 -477 -476 -475 -474 -473 -472 -471 +444 +445 -500 -499 -498 -497 -496 -495 +538 -464 -463 -462 -461 -460 -459 -458 -457 -456 -455 -454 -453 -452 -451 -450 -449 -448 -447 -446 +501 +502 +503 +504 +505 +506 +507 +509 +510 +511 +512 +513 +514 +515 +516 +517 +518 +519 +520 +521 +22 +23 +24 +539 +25 -266 +26 +27 +28 +29 +30 +31 +32 +33 +34 +35 +36 +37 +38 +39 +41 +42 +43 +44 +45 +46 +47 +48 +49 +50 -111 -110 -109 -108 -107 -106 -105 -104 -103 -102 -102 -101 -100 -99 -98 -97 +195 -206 -205 -204 -203 -202 -201 -200 -141 -140 -266 -194 -193 -192 -191 -190 -189 -188 -187 -186 -185 -184 -183 -182 -181 -180 -179 -178 -177 -176 -175 -174 -173 -172 -171 -188 -139 -169 -168 +540 +127 +128 +129 +130 +131 +132 +133 +134 +135 +136 $
>NZ_CP016274.1
-8 -7 -6 -21 -20 -19 -18 -17 -16 -15 -14 -13 -12 -11 -10 -9 $
>NC_005815.1
-574 -573 -572 -571 +609 +676 +677 -570 -569 -568 -567 -566 -565 -564 -587 -586 -585 -584 -583 +575 +657 -582 -581 -580 -579 -578 -577 -576 $
>NC_005816.1
-4 -3 $
>NC_008150.1
+137 +138 +139 -94 +140 +141 +200 +201 +202 +203 +204 +205 +206 +168 +169 +139 +170 +171 +172 +173 +174 +175 +176 +680 +177 +178 +179 +180 +181 +182 +183 +184 +165 +166 +167 +126 +229 +230 +231 +232 +233 +234 +235 +236 +237 +235 +238 +239 +240 +241 +242 +243 -619 +244 +245 +246 +247 +248 +124 +249 +250 +251 +252 +253 +254 +255 +256 +257 +258 +259 +260 +261 +624 +262 +263 +264 +265 +170 +267 +268 +269 +270 +271 +272 +273 +274 -671 +295 +296 +297 +298 +299 +300 +301 +302 +303 +304 +593 +305 +306 +307 +308 +309 +310 +311 +312 +313 -651 +232 +233 +236 +314 +315 +316 +317 +318 +319 +320 +321 +322 +323 +324 +325 +632 +279 +282 +283 +408 +284 +285 +286 +287 +288 +289 +290 +633 +291 +292 +293 +294 +529 +275 +276 +277 +278 +279 +280 -612 +327 +328 +329 +330 +331 +332 +652 +333 +334 +335 +336 +337 +338 -629 +339 +340 -40 +341 +342 -645 +343 +533 +344 +345 +346 +347 +348 +349 +350 +351 +352 +353 +354 -649 +355 +356 +357 +358 +359 +360 +361 +362 +363 -119 -368 -367 +535 +371 +372 +373 +374 +375 +376 +377 +378 +379 +380 +381 +382 +383 +384 +385 +386 +387 +388 -364 +391 +392 +393 +394 +395 +396 +681 +397 +398 +399 +400 +401 +402 +403 +404 +405 +406 +407 -531 +409 +410 +411 +412 +413 +414 +415 +416 -536 +417 +418 +419 +420 +421 +422 -216 +423 +424 +682 +425 +426 +427 -207 +428 +429 +430 +432 +433 +434 -530 +435 +436 +437 +438 +439 +440 +441 +442 +443 +552 -470 -469 -468 -467 -466 -464 -463 -462 -461 -460 -459 -458 -457 -456 -455 -454 -453 -452 -451 -450 -671 -449 -448 -447 -446 -445 +545 -444 +471 +472 +473 +474 +475 +476 +477 +478 +479 +480 +481 +482 +483 +683 -485 +638 -484 -631 +487 +488 +489 +490 -5 +491 +492 +493 +494 -605 +495 +496 +497 +498 +499 +500 +501 +502 +503 +504 +505 +506 +507 +509 +510 +511 +512 -595 +513 +514 +515 +516 +517 -508 +518 +519 +520 +521 +22 +23 +24 +539 +25 +26 +619 -41 -39 -38 -37 -36 -35 -34 -33 -32 -31 -30 -29 -28 +42 +43 +44 +45 +46 +47 +48 +49 +50 -131 -130 -129 -128 -127 -525 -524 +52 +52 +52 +53 +54 +55 +56 +57 +58 +59 -644 +60 +61 +62 +63 +64 +65 +66 +67 +68 -152 -151 -150 +684 -149 -148 -147 -146 -145 -144 -143 -142 -647 -199 -198 -198 -198 -197 -196 -526 +223 +224 +225 +216 +226 +227 -112 -111 -110 -109 -108 -189 -188 -187 -186 -164 -163 -162 -161 -160 -159 -158 -157 -156 -155 -154 +90 +91 +92 +93 +94 +70 +71 +72 +73 +74 -523 +75 +76 +77 +78 +79 +601 -193 -192 -191 -190 -107 -106 -105 -104 -103 -102 -102 -101 -100 -99 -98 -97 -543 -563 +113 +114 +115 +116 +117 +118 -652 +85 +86 +87 +88 +89 -542 +208 +209 +210 +211 +212 +558 +213 +214 +215 +216 +217 +218 +219 +220 +221 -604 -84 -83 -82 -81 -80 +685 +120 +121 +122 +652 +123 +124 +125 +132 +133 +134 +135 +136 $
>NZ_CP033693.1
+574 +575 +576 +577 +578 +579 +580 +581 +582 +643 +583 +584 +585 +586 +587 +564 +565 +566 +567 +568 +569 +570 -609 +571 +572 +573 +574 +575 +576 +577 +578 $
>NC_017170.1
-4 -3 -5 $
>NZ_CP009844.1
-135 -134 -133 -132 -131 -130 -129 -128 -127 -126 -125 -124 -123 -122 -121 -120 -118 -117 -116 -115 -114 -113 +563 +168 +169 +139 +170 +171 +172 +173 +174 +175 +176 +177 +178 +179 +180 +181 +182 +183 +184 +185 +186 +187 +188 +189 +190 +191 +192 +193 +194 +140 +141 -590 -111 -110 -109 -108 -107 -106 -105 -104 -103 -102 -102 -101 -100 -99 -98 -97 +195 -206 -205 -204 -203 -202 -201 +559 -50 -49 -48 -47 -46 -45 -44 -43 -42 -41 -39 -38 -37 -36 -35 -34 -33 -32 -31 -30 -29 -28 -26 +686 -25 +5 -485 +553 -484 +554 +457 +458 +459 +460 +461 +462 +463 +464 -538 +495 +496 +497 +498 +499 +500 -445 -444 +471 +472 +473 +474 +475 +476 +477 +478 +479 +480 +481 +482 +483 -456 -455 -454 -453 -452 -451 -450 -449 -448 -447 -446 +501 +502 +503 +504 +505 +506 +507 +509 +510 +511 +512 +513 +514 +515 +516 +517 +557 +518 +519 +520 +521 +22 +23 +24 -631 +487 +488 +489 +490 +491 +492 +493 +494 +537 +466 +467 +468 +469 +470 -552 -443 -442 -441 -440 -439 -438 -437 -436 -435 -434 -551 -414 -413 -412 -411 -410 -409 +531 -407 -406 -405 -404 -403 -402 -401 +190 -400 -399 -398 -397 -396 -395 -394 -393 -392 -391 -390 -550 -549 -389 -388 -387 -386 -385 -384 -383 -382 -381 -380 -379 -378 -377 -376 -375 -374 -373 -372 -371 -535 +367 +368 +369 -534 -366 -365 -364 -363 -362 -361 -360 -359 -358 -357 -356 -355 -548 -354 -353 -352 -351 -350 -349 -348 -347 -346 -345 -344 -533 -343 -342 -341 +40 -340 -339 -338 -337 -336 -335 -334 -333 -332 -331 -330 -329 -328 -327 -532 +416 +417 +418 +419 +420 +421 +422 -216 +423 +424 +425 -547 +426 +427 +428 +429 +430 +431 +432 -325 -324 -323 -322 -546 -321 -320 -319 -318 -317 -316 -315 -314 -236 -233 -232 -313 -312 -311 -309 -308 -307 -306 -305 -304 -303 -302 -301 -300 -299 -298 -545 -297 -296 -295 -294 -293 -292 -291 -290 -289 -288 -287 -286 -285 -284 -283 -282 -277 -276 -275 -274 -273 -272 -271 -270 -269 -268 -267 -266 -265 -264 -263 -262 -261 -260 -259 -258 +196 +197 +198 +198 +198 +199 +527 +229 +230 +231 +232 +233 +234 +235 +236 +237 +235 +238 +239 +240 +241 -544 +242 +243 +244 +245 +246 +247 +248 +124 +249 +250 +251 +252 +253 +254 +255 +256 +257 -526 +223 +224 +225 +216 +226 +227 -525 -524 +52 +52 +52 +53 +54 +55 +56 +57 +58 +59 -543 +60 +61 +62 +63 +64 +65 +66 +67 +68 +69 +70 +71 +72 +73 +74 +75 +76 +77 +78 +79 +80 +81 +82 +83 +84 +85 +86 +87 +88 +89 +208 +209 +210 +211 +212 +213 +214 +215 +216 +217 +218 +219 +220 +221 -522 -152 -151 -150 -149 -148 -147 -146 -145 -144 -143 -142 -167 -166 -165 -164 -119 -163 -162 -161 -160 -159 -158 -157 -156 -155 -154 +90 +91 +92 +94 -139 -138 -137 -136 $
>NZ_CP045149.1
-134 -133 -132 -131 -130 -129 -128 -127 -540 +168 +169 -94 +171 +172 +173 +174 +175 +176 +177 +178 +179 +180 +181 +182 +183 +184 +185 +186 +187 +189 +190 +191 +192 +193 +194 -601 -221 -220 -219 -218 -217 -216 -215 -214 -213 -212 -211 -210 -209 -208 -207 -206 -205 -204 -203 -202 -201 +559 -50 -49 -48 -47 -46 -45 -44 -43 -42 -41 -39 -38 -37 -36 -35 -34 -33 -32 -31 -30 -29 -28 -27 -26 -25 -539 -24 -23 -22 -521 -520 -519 -518 -517 -516 -515 -514 -513 +595 -512 -511 -510 -509 -507 -506 -505 -504 -503 -502 -501 -500 -499 -498 -497 -496 -495 -494 -493 -492 -491 -490 -489 -488 -487 -486 -485 -484 -483 -482 -481 -480 -479 -478 -477 -476 -475 -474 -473 -472 -471 +444 +445 +446 +447 +448 +449 +450 +451 +452 +453 +454 +455 +456 +457 +458 +459 +460 +461 +462 +463 +464 +465 +466 +467 +468 +469 +470 -552 -443 -442 -441 -440 -439 -438 -437 -436 -435 -434 -433 -432 -431 -430 -429 -428 -427 -426 -425 -424 -423 +216 -422 -421 -420 -419 -418 -417 -416 -415 -414 -413 -412 -411 -410 -409 +531 -407 -406 -405 -404 -403 -402 -401 -400 -399 -398 -397 -396 -395 -394 -393 -392 -391 -390 -389 -388 -387 -386 -385 -384 -383 -382 -381 -380 -379 -378 -377 -376 -375 -374 -373 -372 +598 -371 -535 +367 +368 +369 -534 -366 -365 -364 -363 -362 -361 -360 -359 -358 -357 -356 -355 -354 -353 -352 -351 -350 -349 -588 -340 -339 -338 -337 -336 -335 -334 -333 -332 -331 -330 -329 -328 -327 -326 -325 -324 -323 -322 -321 -320 -319 -318 -317 -316 -315 -314 -236 -233 -232 -313 -312 -311 -310 -309 -308 -307 -306 -305 -304 -303 -302 -301 -300 -299 -298 -297 -296 -295 -294 -293 -292 -291 -290 -289 -288 -287 -286 -285 -284 -283 -282 -279 -281 -280 -279 -278 -277 -276 -275 -274 -273 -272 -271 -270 -269 -268 -267 +94 -265 -264 -263 -262 -261 -260 -259 -258 -257 -256 -255 -254 -253 -252 -251 -250 -249 -124 -248 -247 -246 -245 -244 -243 -242 -69 -68 -67 -66 -65 -64 -63 -62 -61 -60 -59 -58 -57 -56 -55 -54 -53 -52 -52 -52 +524 +687 +679 -199 -198 -198 -198 -197 -196 -526 +223 +224 +225 +216 +226 +227 +228 +229 +230 +231 +232 +233 +234 +235 +236 +237 +235 +238 +239 +240 +241 +619 +70 +71 +72 +73 +74 +75 +76 +77 +78 +79 +80 +81 +82 +83 +84 +85 +86 +87 +88 +89 +608 +97 +98 +99 +100 +101 +102 +102 +103 +104 +105 +106 +107 +108 +109 +110 +111 +112 +113 +114 +115 +116 +117 +118 +119 +120 +121 +122 +123 +124 +125 +615 -141 -140 +94 +95 -593 -152 -151 -150 -149 -148 -147 -146 -145 -144 -143 -142 -167 -166 -165 -164 -163 -162 -161 -160 -159 -158 -157 -156 -155 -154 +90 +91 +92 +688 +94 -139 -138 -137 -136 -135 $
>NC_005813.1
+18 +19 +20 +21 +6 +7 +8 +9 +10 +11 +12 +13 +14 +15 +16 +17 $
>NZ_CP009783.1
-11 -10 -9 -8 -7 -6 -21 -20 -19 -18 -17 -16 -15 -14 -13 -12 $
>NC_010159.1
+137 +138 +170 -93 -92 -91 -90 +154 +155 +156 +157 +158 +159 +160 +161 +162 +163 +164 +165 +169 -239 +653 -238 -235 -237 -236 -233 -232 -231 -281 -230 -229 -525 -524 -605 +52 +52 +52 +52 +53 +54 +55 +56 +57 +58 +59 +60 +61 +487 -488 -466 -464 -463 -462 -461 +415 +432 +473 +474 +475 +476 +477 +478 +479 +689 +193 +194 +171 +172 +173 +174 +175 +176 +177 +178 +179 +180 +455 +181 +150 +151 +152 +194 +140 -220 -219 -218 -217 -216 -215 +206 +208 +631 +209 +210 +211 +212 +213 +78 +79 +80 +81 +82 +83 +84 +85 +86 +87 +88 +687 +31 +32 +33 -370 +34 +690 +35 +36 +37 +38 +39 +41 +42 +43 +44 +45 +46 +539 +62 +63 +64 +65 +66 +67 +68 +97 +98 +99 +100 +101 +102 +102 +103 +104 +105 +106 -89 +535 -503 -502 -501 -500 -499 -214 +691 -284 -283 -282 +269 +270 +271 +272 +273 +274 +275 +276 +692 +285 +286 +287 +288 +289 +290 +291 +292 +293 +294 +295 +296 +297 +298 +299 +300 +301 +302 -333 -332 -331 -330 -329 -328 -325 -324 +434 +435 +436 +437 +438 +439 +440 +441 +442 +443 -470 -469 -468 -467 +489 +490 +491 +492 +493 +494 +495 +496 +497 +498 +186 +187 +170 -460 -459 -458 +530 -457 +693 +311 +303 +304 +305 +306 +307 +308 +335 +336 +337 +338 +339 +340 -40 +341 +342 +343 +533 +345 +661 -378 -689 -377 -375 +694 +364 +365 +366 +534 -369 -368 -397 -396 -395 +384 +385 +386 +392 +393 +394 -383 -382 -381 +382 -380 +656 -374 -373 +598 -371 -535 +367 -398 +376 -363 -362 -361 -360 -359 +605 -358 -357 -355 -354 -353 -352 +687 -350 -349 -347 -346 +399 +400 -623 +401 +402 +403 +404 +405 +406 +407 -694 -531 +409 +410 +411 +412 +413 +414 +415 +416 +417 +418 +419 +671 -267 -455 +605 -454 -453 -452 -451 -450 -449 -664 +191 +192 -427 -659 +424 +425 -534 +456 -693 -506 -505 -504 -656 -30 +637 +70 +71 +72 +73 +74 +75 +76 +77 +313 +232 +233 +315 +316 +318 +319 +320 +321 +507 +509 +510 +511 +323 -471 +444 +445 +51 +446 +447 +448 +262 -512 -322 +312 -261 -260 -259 -258 -257 -256 -255 +515 +516 +517 +518 +519 +520 +521 +22 +23 -630 +24 +692 +240 +241 +252 +253 +513 +514 +691 -189 -170 -265 -264 -263 -639 +25 +94 +26 +28 +29 -650 +428 +429 +430 +605 -423 +216 -422 -421 -420 -485 -484 -483 -482 -481 -480 -184 -183 -182 +648 -149 -148 -147 -146 -145 -144 -143 -142 +126 +127 +128 +129 +130 +131 -167 -166 +242 +243 +244 +245 +246 +247 +248 +124 +249 +250 +251 -168 +615 -141 +221 -654 -205 -204 -203 -202 -201 +559 -50 -49 -48 -116 +426 -115 -114 +117 +118 +120 +121 +122 +123 +124 +125 +132 +133 +134 +135 +136 $
>NZ_CP009988.1
+4 +5 +3 $
>NZ_CP009906.1
+360 +361 +362 +363 -119 -368 -367 +535 +371 +372 +373 +374 +375 +377 +378 +379 +380 +381 +382 +383 +384 +385 +386 +387 +388 +391 +392 +393 +394 +395 +396 +397 +398 +399 +400 +401 +402 +403 +404 +405 +406 +407 -531 +409 +410 +411 +412 +413 +414 +415 +416 +417 +418 +419 +420 +421 +422 -216 +423 +424 +682 +425 +426 +427 +428 +429 +430 +432 +434 -530 +435 +436 +437 +438 +439 +440 +441 +442 +443 -470 -469 -468 -467 -466 -464 -463 -462 -461 -460 -459 -458 -457 -456 -455 -454 -453 -452 -451 -450 -671 -449 -448 -447 -446 -445 -444 +471 +472 +473 +474 +475 +476 +477 +478 +479 +480 +481 +482 +483 +683 -485 +638 -484 -631 +487 +488 +489 +490 +491 +492 +493 +494 -605 +495 +497 +498 +499 +500 +501 +502 +503 +504 +505 +506 +507 +509 +510 +511 +512 -595 +513 +514 +515 +516 +517 +518 +519 +520 +521 +22 +23 +24 +539 +25 +26 -41 -39 -38 -37 -36 -35 -34 -33 -32 -31 -30 -29 -28 +42 +43 +44 +45 +46 +47 +48 +49 +50 -131 -130 -129 -128 -127 -525 -524 +52 +52 +52 +53 +54 +55 +56 +57 +58 +59 +695 +60 +61 +62 +63 +64 +65 +66 +67 +68 -152 -151 -150 +684 -149 -148 -147 -146 -145 -144 -143 -142 -647 -199 -198 -198 -198 -197 -196 +223 +224 +225 +216 +216 +226 +227 -112 -111 -110 -109 -108 -189 -188 -663 -187 -186 -164 -163 -162 -161 -160 -159 -158 -157 -156 -155 -154 +90 +91 +92 +93 -686 -139 -138 -137 -136 -135 -134 -133 -132 -125 -124 -123 -652 -122 -121 -120 -685 +80 +81 +82 +83 +84 -221 -220 -219 -218 -217 -216 -215 -214 -213 -558 -212 -211 -210 -209 -208 -89 -88 -87 -86 -85 +652 -118 -117 -116 -115 -114 -113 +563 +97 +98 +99 +100 +101 +102 +102 +103 +104 +105 +106 +107 +191 +192 +193 +194 -79 -78 -77 -76 -75 -74 -73 -72 -71 -70 -646 -94 +140 +141 +200 +201 +202 +203 +204 +205 +206 +168 +169 +139 +188 +171 +172 +173 +174 +175 +176 +680 +177 +178 +179 +180 +181 +182 +183 +184 +165 +166 +167 +126 +229 +230 +231 +232 +233 +234 +235 +236 +237 +235 +238 +239 +240 +241 +242 +243 +244 +245 +246 +247 +248 +124 +249 +250 +251 +252 +253 +255 +256 +257 +258 +259 +260 +261 +262 +263 +264 +265 +267 +269 +270 +271 +272 +273 +274 -671 +295 +296 +297 +298 +299 +300 +301 +302 +303 +304 +593 +305 +306 +307 +308 +309 +311 +312 +313 +232 +233 +236 +314 +315 +316 +317 +318 +319 +320 +321 +322 +323 +324 +325 +632 +279 +282 +283 +284 +285 +286 +287 +288 +289 +290 +633 +291 +292 +293 +294 +529 +275 +276 +277 +278 +279 +280 -612 +328 +329 +330 +331 +332 -613 +333 +334 +335 +336 +337 +338 -562 +339 +340 +341 +342 +696 +343 +533 +344 +345 +346 +347 +349 +350 +351 +352 +353 +354 -649 +355 +356 +357 +358 +359 $
>NZ_CP006748.1
+302 +303 +304 +305 +306 +307 +308 -482 -481 -480 -479 -478 -477 -476 -475 -474 -473 +618 -471 +444 +445 +446 +447 +448 +449 +450 +451 +452 +453 +454 +455 +456 +457 +458 +459 +460 +461 +462 +463 +464 +466 +467 +468 +469 +470 -443 -442 -441 -440 -439 -653 -438 -437 -436 -435 -434 -432 -430 -429 -428 -427 -426 -425 -424 -423 +216 -422 -421 -420 -419 -418 -417 -416 -415 -414 -413 -412 -411 -410 -409 +531 -407 -406 -405 -404 -403 -402 -401 -400 -399 +526 -398 -397 -396 -395 -394 -393 -392 -391 -390 -389 -388 -387 -386 -385 -384 -383 -382 -381 -380 -378 -377 -375 -534 -374 -373 -371 +367 +368 +369 -366 -365 -363 -362 -361 -360 -359 -358 -357 -356 -355 -354 -353 +635 -352 +636 -350 -349 +637 -347 -346 -345 -344 -533 -343 -342 +638 -341 +40 -340 -339 -338 -337 -336 -335 -328 -325 -323 -322 -321 -320 +254 +255 +256 +257 +258 +259 +639 +260 +261 +262 +263 +264 +265 +267 -485 -484 -483 +309 +589 +311 +312 +313 +232 +233 +236 +314 +315 +316 +318 +319 -539 -253 -252 -251 -250 -249 -124 -248 -247 -246 -245 -244 -243 -242 -241 -240 -239 -238 -235 -237 -236 -233 -232 -231 -230 -229 -525 -524 +52 +52 +52 +52 +53 +54 +55 +56 +57 +58 +59 +60 -195 +61 +62 +63 +64 +65 +66 +67 +68 +97 +98 +99 +100 +101 +102 +102 +103 +104 +105 +106 +107 +108 +109 +110 +111 -141 -140 +26 +28 -652 +29 +30 +31 +32 +33 +34 +35 +36 +37 +38 +39 +41 +42 +43 +44 +45 +46 -695 +70 +71 +72 +415 +73 +74 +75 +76 +77 +78 +79 +80 +81 +82 +83 +84 +85 +86 +87 +88 +89 +48 +49 +50 +113 +114 +115 +116 +117 +118 +120 -629 +208 +209 +210 +211 +212 +213 +214 +215 +216 +217 +218 +219 +220 +221 +601 -686 +95 -152 -151 -150 -149 -148 -147 -146 -145 -144 -143 -142 +126 +127 -560 +128 +129 +130 +131 +126 +133 +134 +135 +136 +137 +138 -93 -92 -91 -90 +154 +155 +156 +157 +158 +159 +160 +161 +162 +163 +164 +165 +166 +167 -125 -124 -123 -122 -121 -642 +191 +192 +193 +194 +171 +172 +173 +174 +175 +176 +177 +178 +179 +180 +181 +182 +183 +184 +186 +187 +188 +189 -651 -206 -205 -204 -203 -202 -201 -559 +168 +169 -94 -25 -539 -24 +630 -23 -22 -521 -520 -519 -518 -517 -516 -515 -514 -513 -512 -511 -510 -509 -507 -506 -505 -504 -503 -502 -501 -500 -499 -498 -497 -495 -494 -493 -492 -491 -490 -489 -488 -487 +631 +269 +270 +271 +272 +273 +274 +275 +276 +277 +282 +632 +283 +284 +285 +286 +287 +288 +289 +290 +291 +292 +293 +294 +295 +296 +297 +298 +299 +300 +301 $
>NZ_CP045164.1
-568 -567 -566 -565 -564 -587 -586 -585 -584 -583 +621 +575 +576 +577 +578 +579 +580 +581 +582 -574 -573 -572 -571 +609 -570 -569 $
>NZ_CP009722.1
-571 +609 -570 -569 -568 -567 -566 -565 -564 -624 -587 -586 -585 -584 +465 +578 +579 +580 +581 +582 -574 -573 -572 $
>NZ_CP009905.1
-7 -6 -21 -20 -19 -18 -17 -16 -15 -14 -13 -12 -11 -10 -9 -8 $
>NC_008122.1
+21 +6 +7 +8 +9 +10 +11 +12 +13 +14 +15 +16 +17 +18 +19 +20 $
>NZ_CP033689.1
+10 +11 +12 +13 +14 +15 +16 +17 +18 +19 +20 +21 +6 +7 +8 +9 $
>NC_010158.1
-4 -3 -5 -4 -3 +566 +677 -570 -569 -568 -567 -676 -609 +571 +572 +573 +574 +693 -565 -564 -587 -586 +537 +578 +579 +580 +581 +582 $
>NZ_CP045260.1
+18 +19 +20 +21 +6 +7 +8 +9 +10 +11 +12 +13 +14 +15 +16 +17 $
>NZ_CP006747.1
-8 -7 -6 -21 +603 -20 -19 -18 -17 -16 -15 -14 -13 -12 -11 +496 -10 -9 $
>NZ_CP045146.1
-568 -567 -566 -565 -564 -587 -586 -585 -584 -583 -643 -582 -581 -580 -579 -578 -577 -576 -575 -574 -573 -572 -571 +609 -570 -569 $
>NZ_CP009704.1
+462 +463 +464 +466 +467 +468 +469 +470 -552 -443 -442 -441 -440 -439 -438 -437 -436 -435 -434 -433 -432 -431 -430 -429 -428 -427 -426 -425 -424 -423 +216 -422 -421 -420 +696 +377 +378 -611 +380 +381 +382 +383 +384 +385 +386 +387 +388 +389 +390 +391 +392 +393 +394 +395 +396 +397 +398 +399 +400 +401 +402 +403 +404 +405 +406 +407 +409 +410 +411 +412 +413 +414 +415 +416 +417 +418 +419 -610 -375 -374 -373 -372 -371 -535 +367 +368 +369 -534 -366 -365 -364 -363 -362 -361 -360 -359 -358 -357 -356 -355 -354 -353 -352 -350 -349 -340 -339 -338 -337 -336 -335 -334 -333 -332 -331 -330 -329 -328 -327 -326 -325 -324 -323 -322 -321 -320 -319 -318 -316 -315 -314 -236 -233 -232 -313 -312 -311 -309 -308 -307 -306 -305 -304 -303 -302 -301 -300 -299 -298 -297 -296 -295 -294 -293 -292 -291 -290 -289 -288 -287 -286 -285 -284 -283 -282 -279 -618 +473 +474 +475 +476 +477 +478 +479 +480 +481 +482 +483 +484 +485 +487 +488 +489 +490 +491 +492 +493 +494 +495 +496 +497 +498 +499 +500 +501 +502 +503 +504 +505 +506 +507 +509 +510 +511 +512 +513 +514 +515 +516 +517 +518 +610 +519 +520 +521 +22 +23 +24 +25 -686 +26 +28 +29 +30 +31 +32 +33 +34 +35 +36 +37 +38 +39 +41 +42 +43 +44 +45 +46 +47 +48 +49 +50 +51 +52 +53 +54 +55 +56 +57 +58 +59 +60 +61 +62 +63 +64 +65 +66 -80 -79 -78 -77 -76 -75 -74 -73 -72 -71 -70 -69 -68 -67 +81 +82 +83 +84 +85 +86 +87 +88 +89 +90 +91 +92 +93 +94 -617 +96 +97 +98 +99 +100 +101 +102 +102 +103 +104 +105 +106 +107 +108 +109 +110 +111 +112 +113 +114 +115 +116 +117 +118 +120 +121 +122 +123 +124 +125 +127 +128 +129 +130 +131 +132 +133 +134 +135 +136 +137 +138 +139 +140 +141 -615 +142 +143 +144 +145 +146 +147 +148 +149 +150 +151 +152 +154 +155 +156 +157 +158 +159 +160 +161 +162 +163 +164 +165 +166 +167 +132 +168 +169 +139 -94 +171 +172 +173 +174 +175 +176 +177 +178 +179 +180 +181 +182 +183 +184 +185 +186 +187 -94 +189 +191 +192 +193 -95 +170 +195 +196 +197 +198 +198 +198 +199 +200 +201 +202 +203 +204 +205 +206 +207 +208 +209 +210 +211 +212 +213 +214 +215 +216 +217 +218 +219 +220 +221 +222 +223 +224 +225 +216 +216 +226 +227 +228 +229 +230 +231 +232 +233 +234 +235 +236 +237 +235 +238 +239 +240 +241 +242 +243 +244 +245 +246 +247 +248 +124 +249 +250 +251 +252 +253 +254 +255 +256 +257 +258 +259 +260 +261 +262 +263 +264 +265 +266 +267 +268 +269 +270 +271 +272 +273 +274 +275 +276 +277 +278 +279 +280 -612 -471 +444 +445 +446 +447 +448 +449 +450 -254 +451 +452 +453 +454 +456 +457 +458 +459 +460 +461 $
>NZ_CP009721.1
-6 -21 -20 -19 -18 -17 -16 -15 -14 -13 -12 -11 -10 -9 -8 -7 $
>NC_008120.1
-574 -573 -572 -571 -570 -569 -568 -567 -566 -565 -564 -587 -364 -586 -585 -584 +697 +578 +579 +580 +581 +582 $
>NZ_CP009989.1
-580 -579 -578 -577 -576 -575 -574 -573 -572 -571 -570 -569 -568 -567 -566 -565 -564 -587 -586 -585 -584 -583 -643 -582 -581 $
>NC_017155.1
-574 -573 -572 -571 +609 -570 -569 -568 -567 -566 -565 -564 -587 -586 -585 -584 +465 +578 +579 +580 +581 +582 $
>NC_017158.1
-574 -573 -572 -571 +609 -570 -569 -568 -567 -566 -565 +671 -564 -587 -586 -585 -584 +465 +578 +579 +580 +581 +582 $
>NC_017266.1
-574 -573 -572 -571 -570 -569 -568 -567 -566 -565 -564 -587 -586 -585 -584 -583 -643 -582 -581 -580 -579 -578 -577 -576 -575 $
>NC_014017.1
-14 -13 -12 -11 -10 -9 -8 -7 -6 -21 -20 -19 -18 -17 -16 -15 $
>NZ_CP064124.1
-134 -133 -132 -131 -130 -129 -128 -127 -126 -125 -124 -123 -122 +186 +187 +170 +189 +662 +113 +114 +115 +116 +117 +118 +120 +121 +698 +142 +143 +144 +145 +146 +147 +148 +149 +150 +151 +152 +194 -601 -221 -220 -219 -218 -217 -216 -215 -214 -213 -212 -211 -210 -209 -208 -206 +635 +28 +29 +30 +31 +32 +33 +34 +35 +36 +37 +38 +39 +41 +42 +43 +44 +45 +46 -546 -205 -204 -203 -202 -201 +559 -50 -49 -48 -47 -26 -25 -340 -339 -338 -337 -336 -335 -334 -333 -332 +649 +499 +500 +501 +502 +503 +504 +505 +506 +507 +509 +510 +511 +512 +513 +514 +515 +516 +517 +518 +519 +520 +521 +22 +23 +24 -631 +487 +488 +489 +490 +491 +492 +493 +494 +495 +496 +497 +498 -40 -309 -308 -307 -306 -305 -304 -303 -302 -301 -300 -299 -298 -297 -296 -295 -294 -293 +536 -292 -291 -290 -289 +312 +313 +232 +233 +236 +314 +315 +316 -326 +318 +319 +320 +321 +322 +323 +325 +328 +329 +330 +331 +269 +270 +271 +272 +273 +274 +275 -544 +276 +277 +278 +279 +280 +281 +279 +282 +283 +284 +285 +286 -661 +287 +288 -311 -310 +341 +342 +343 +533 +344 +345 +346 +347 +349 +655 -419 -418 -417 -416 -370 +460 +461 +462 +463 +464 -632 +466 +467 +468 +469 +470 -443 -442 -441 -439 -438 -437 -436 -641 -435 -434 -433 -432 -430 -429 -428 -427 -426 -425 -424 -423 +216 -422 -421 +688 -420 +657 +350 +351 +352 +353 +354 +355 +356 +357 +358 +359 +360 +361 +362 +363 +364 +365 +415 +371 +373 +374 +375 +377 +378 +379 +380 +381 +382 +383 +384 +625 +385 +386 +387 +388 +389 +390 +391 +392 +393 +394 +395 +396 +397 +398 -399 +400 +401 +402 +403 +404 +405 +406 +407 -531 +409 +410 +411 +412 +413 +414 +473 +474 +475 +476 +477 +478 +479 +480 +481 +482 +483 +484 +687 -454 -453 -452 -451 -450 -449 -448 -447 -446 -445 -444 +471 -532 -459 -458 -457 -456 +485 -267 -265 -264 -263 -262 -261 -260 -259 -258 -257 +681 -256 -255 -254 -68 -67 -66 -65 -64 -63 -62 -61 -60 -59 -605 -58 -57 -56 -55 -54 -53 -52 -52 -52 -52 +524 -141 -140 -170 +95 -193 -192 -191 +268 -253 -252 -251 -250 -249 -124 -248 -247 -246 -245 -244 -243 -242 -241 -240 -239 -238 -235 -237 -236 -235 -234 -233 -232 -231 -230 -229 -227 -226 -216 -216 -225 -224 -658 -223 +196 +197 +198 +198 +198 +199 +690 -111 -110 -109 -108 -107 -106 -105 -104 -103 -102 -102 -101 -100 -99 +74 -660 +75 +76 +77 +78 +79 +80 +81 +82 +83 +84 +85 +86 +87 +88 +89 +70 +71 +72 +73 -98 -97 -184 -183 -182 -181 -180 -179 -178 -177 -176 -175 -174 -173 -682 -172 -171 -170 -169 -168 -132 -167 -166 -165 -164 -163 -162 -161 -160 -159 -158 -157 -156 -155 -154 +90 +91 +92 +93 -170 -138 -137 -136 -135 $
>NZ_CP009843.1
+570 -581 -580 -579 -578 -465 +584 +585 +586 +587 +564 +565 +566 +567 +568 +569 $
>NZ_CP010248.1
+580 +581 +582 +675 -574 -573 -572 -571 +609 +676 +677 -570 -569 -568 -567 -566 -565 -564 -587 -586 -585 -584 -583 +575 +576 +678 +673 -431 +674 +578 +579 $
>NZ_CP019709.1
+586 +587 -574 -573 -572 -571 +609 -570 -569 -568 -567 -566 -565 -564 -582 -581 -580 -579 -578 -465 +584 +585 $
>NZ_CP045163.1
-134 -133 -132 -131 -130 -129 -128 -127 -126 -125 -124 -123 -122 -121 -120 +620 -152 -151 -150 -149 -148 -147 -146 -145 -144 -143 -142 +126 +113 +114 +115 +116 +117 +118 +621 -95 -94 -93 -92 -91 -90 -89 -88 -87 -86 -85 -84 -83 -82 +74 +75 +76 +77 +78 +79 +80 +81 -73 -72 -71 -70 -69 -68 -67 -66 -65 -64 -63 -62 -61 -60 -59 -58 -57 -56 -55 -54 -53 -52 +126 -227 -226 -216 -216 -225 -224 -223 -671 -253 -252 -251 -250 -249 -124 -248 -247 -246 -245 -244 -243 -242 -241 -240 -239 -238 -235 -237 -236 -235 -234 -233 -232 -231 -230 -229 -527 -199 -198 -198 -198 -197 -196 -670 +255 +256 +257 +258 +259 +260 +261 +262 +263 +264 +265 -94 +267 +268 +269 +270 +271 +272 +273 +274 +275 +276 +282 +283 +284 +285 +286 +287 +288 +289 +290 +291 +292 +293 +294 +295 +296 +297 +298 +299 +300 +301 +302 +303 +304 +305 +306 +307 +308 +309 +310 +311 +312 +313 +232 +233 +236 +314 +315 +316 +317 +318 +319 +320 +321 +322 +323 +324 +325 +326 +327 +328 +329 +330 +331 +332 +333 +334 +335 +336 +337 +338 +339 +340 +588 +349 +350 +351 +352 +353 +354 +355 +356 +357 +358 +359 +360 +361 +362 +363 +364 +365 +366 +534 -369 -368 -367 +535 +371 +372 +373 +374 +375 -394 -393 -392 -391 -390 -389 -388 -387 -386 -385 -384 -383 -382 -381 -380 -379 -378 -377 +624 +395 +396 +397 +398 +399 +400 +401 +402 +404 +405 +406 +407 +408 +409 +410 +411 +412 +413 +414 +415 +416 +417 +418 +419 +420 +421 +422 -216 +423 +424 +425 +426 +427 +428 +429 +430 -623 -432 -324 +434 +435 +436 +437 +438 +439 +440 +441 +442 +443 +552 -470 -469 +468 -467 -466 -465 -464 -463 -462 -461 -460 -459 -458 -457 -456 -455 -454 -453 -452 -451 -450 -449 -448 -447 -446 -445 -444 +471 +472 +473 +474 +475 +476 +477 +478 +479 +668 +480 +481 +482 +483 +484 +485 +486 +487 +488 +489 +490 +491 +492 +493 +494 +495 +496 +497 +498 +499 +500 +501 +502 +503 +504 +505 +506 +507 +509 +510 +511 +512 -595 +513 +514 +515 +516 +517 +518 +519 +520 +521 +22 +23 +24 +539 +25 +26 +27 +28 +29 +30 +31 +32 +33 +34 +35 +36 +37 +38 +39 +41 +42 +43 +44 +45 +46 +47 +48 +49 +50 +201 +202 +203 +204 +205 +206 +207 +208 +209 +210 +211 +212 +213 +214 +215 +216 +217 +218 +219 +220 +221 +601 -194 -193 -192 -191 -190 -189 -187 -186 -185 -184 -183 -182 -181 -180 -179 -178 -177 -176 -175 -174 -173 -172 -171 +94 -169 -168 -132 -167 -166 -165 -164 -163 +626 -162 -161 -160 -159 -158 -157 -156 -155 -154 +97 +98 +99 +100 +101 +102 +102 +103 +104 +105 +106 +107 +108 +109 +110 +111 -627 +207 -141 -140 +94 -139 -138 -137 -136 -135 $
>NZ_CP009904.1
-564 -587 +672 -586 -585 -584 +697 +578 +579 +580 +581 +582 -574 -573 -572 -571 -570 -569 -568 -567 -566 -565 $
>NC_017169.1
-572 -571 +609 -570 -569 -568 -567 -566 -565 -564 -582 -581 -580 -579 -578 -465 +584 +585 +586 +587 +364 -574 -573 $
>NZ_CP045150.1
-568 -567 -566 -565 -564 -587 -586 -585 -584 -583 -643 -582 -581 -580 -579 -578 -577 -576 -575 -574 -573 -572 -571 +609 -570 -569 $
>NZ_CP045152.1
+2 +1 $
>NZ_CP009784.1
+586 +587 -574 -573 -572 -571 +609 -570 -569 -568 -567 -566 -565 -564 -582 -581 -580 -579 -578 -465 +584 +585 $
>NZ_CP016275.1
-584 +465 +578 +579 +580 +581 +582 +564 +565 +566 +567 +568 +569 +570 -609 +571 +572 +573 +574 -364 -587 -586 -585 $
>NZ_CP045259.1
-568 -567 -566 -565 -564 -587 -586 -585 -584 -583 -643 -582 -581 -580 -579 -578 -577 -576 -575 -574 -573 -572 -571 +609 -570 -569 $
>NC_003132.1
-4 -3 $
>NC_017265.1
+137 +138 +139 -94 +140 +141 -616 -615 +142 +143 +144 +145 +146 +147 +148 +149 +150 +151 +152 +153 +154 +155 +156 +157 +158 +159 +160 +161 +162 +163 +164 +165 +166 +167 +132 +168 +169 -614 +171 +172 +173 +174 +175 +176 +177 +178 +179 +180 +181 +182 +183 +184 +185 +186 +187 +189 +190 +191 +192 +193 +194 +195 +196 +197 +198 +198 +198 +199 +200 +201 +202 +203 +204 +205 +206 +207 +208 +209 +210 +211 +212 +213 +214 +215 +216 +217 +218 +219 +220 +221 +222 +223 +224 +225 +216 +216 +226 +227 +228 +229 +230 +231 +232 +233 +234 +235 +236 +237 +235 +238 +239 +240 +241 +242 +243 +244 +245 +246 +247 +248 +124 +249 +250 +251 +252 +253 +254 +255 +256 +257 +258 +259 +260 +261 +262 +263 +264 +265 -602 +267 +268 +269 +270 +271 +272 +273 +274 +275 +276 +277 +278 +279 +280 -612 -471 +444 +445 +446 +447 +448 +449 +450 -254 +451 +452 +453 +454 +455 +456 +457 +458 +459 +460 +461 +462 +463 +464 +465 +466 +467 +468 +469 +470 -552 -443 -442 -441 -440 -439 -438 -437 -436 -435 -434 -433 -432 -431 -430 -429 -428 -427 -426 -425 -424 -423 +216 -422 -421 -420 +698 +377 +378 -611 +380 +381 +382 +383 +384 +385 +386 +387 +388 +389 +390 +391 +392 +393 +394 +395 +396 +397 +398 +399 +400 +401 +402 +403 +404 +405 +406 +407 +408 +409 +410 +411 +412 +413 +414 +415 +416 +417 +418 +419 -610 -375 -374 -373 -372 -371 -535 +367 +368 +369 -534 -366 -365 -364 -363 -362 -361 -360 -359 -358 -357 -356 -355 -354 -353 -352 -351 -350 -349 -588 -340 -339 -338 -337 -336 -335 -334 -333 -332 -331 -330 -329 -328 +669 -326 -325 -324 -323 -322 -321 -320 -319 -318 -317 -316 -315 -314 -236 -233 -232 -313 -312 -311 -310 -309 -308 -307 -306 -305 -304 -303 -302 -301 -300 -299 -298 -297 -296 -295 -294 -293 -292 -291 -290 -289 -288 -287 -286 -285 -284 -283 -282 -279 -618 +473 +474 +475 +476 +477 +478 +479 +480 +481 +482 +483 +484 +485 +486 +487 +488 +489 +490 +491 +492 +493 +494 +495 +496 +497 +498 +499 +500 +501 +502 +503 +504 +505 +506 +507 +509 +510 +511 +512 +513 +514 +515 +516 +517 +518 +610 +519 +520 +521 +22 +23 +24 +25 +26 +27 +28 +29 +30 +31 +32 +33 +34 +35 +36 +37 +38 +39 +41 +42 +43 +44 +45 +46 +47 +48 +49 +50 +51 +52 +53 +54 +55 +56 +57 +58 +59 +60 +61 +62 +63 +64 +65 +66 -80 -79 -78 -77 -76 -75 -74 -73 -72 -71 -70 -69 -68 -67 +81 +82 +83 +84 +85 +86 +87 +88 +89 +90 +91 +92 +93 +94 -617 +96 +97 +98 +99 +100 +101 +102 +102 +103 +104 +105 +106 +107 +108 +109 +110 +111 +112 +113 +114 +115 +116 +117 +118 +120 +121 +122 +123 +124 +125 +126 +127 +128 +129 +130 +131 +132 +133 +134 +135 +136 $
>NC_014027.1
-4 -3 $
>NC_017159.1
-4 -3 $
>NZ_CP009724.1
-4 -3 $
>NZ_CP009903.1
+5 +3 +4 $
>NZ_CP006793.1
+4 +5 +3 $
>NZ_CP033691.1
-4 -3 -5 $
>NZ_CP019710.1
-20 -19 -18 -17 -16 -15 +666 -14 -13 -12 -11 -10 -9 -8 -7 -6 -21 $
>NZ_CP045148.1
-3 -5 -4 $
>NZ_CP045153.1
+4 +5 +3 $
